1,-15,3,-16,6,-15,2,-16,1,-16,3,-16,-1,-15,-1,-17,0,-15,1,-16,0,-15,1,-15,3,-15,0,-16,1,-16,1,-17,-3,-16,-4,-17,3,-15,3,-14,4,-13,3,-16,3,-14,3,-16,1,-15,2,-15,-1,-14,1,-15,3,-16,2,-14,1,-15,-1,-15,5,-14,5,-14,2,-16,0,-15,-5,-14,-3,-14,-2,-15,0,-15,-1,-15,0,-16,2,-16,1,-14
0,0,0,0,0,0,0,0,0,0,0,0,0,0,0,0,0,0,0,0,0,0,0,0,0,0,0,0,0,0,0,0,0,0,0,0,0,0,0,0,0,0,0,0,0,0,0,0,0,0,0,0,0,0,0,0,0,0,0,0,0,0,0,0,0,0,0,0,0,0,0,0,0,0,0,0,0,0,0,0,0,0,0,0,0,0,0,0
-9,3,7,5,5,3,-7,2,-7,1,-6,1,9,5,-10,1,-8,1,-9,1,-10,3,-8,2,-8,2,-8,0,-10,1,-10,1,-7,-1,-8,0,-4,2,-5,2,-6,1,-5,3,-5,1,-6,1,-9,1,-8,0,-8,1,-9,2,-4,1,-6,0,2,3,-1,1,-2,0,-1,0,6,2,-6,0,-6,-2,-7,0,-8,0,-8,1,-9,13,-8,1,9,4,-7,-2
-19,6,6,17,-14,6,-17,7,-17,6,-15,7,-18,8,-20,6,-18,7,-18,7,-20,9,-6,21,-4,18,-17,7,-24,9,-6,24,-16,7,0,3,-4,10,-6,-10,-13,-5,-2,7,-3,5,-3,7,-7,15,-16,8,-18,9,-6,17,-11,-9,-12,-7,6,16,-1,8,-7,-3,0,9,6,12,-13,-4,-14,6,-15,7,-17,6,-18,9,-2,27,-19,9,16,10,-18,0
-31,6,3,25,6,23,-29,8,-29,8,-28,8,-33,9,-33,7,-29,8,-24,8,-20,9,7,14,5,13,-26,10,-28,9,8,13,-14,11,8,-2,1,18,1,-14,0,-5,5,-6,-15,-4,1,6,-3,21,-23,9,-26,13,-1,21,-17,-3,-3,-14,6,23,-1,19,-3,-13,2,17,3,18,-8,-12,-17,10,-20,13,-24,12,-27,13,7,16,-25,11,26,14,-31,0
9,3,-9,2,-7,4,6,3,7,3,4,3,-9,2,9,3,8,2,8,1,8,4,8,2,8,1,8,1,10,2,8,2,9,5,8,-9,3,0,4,0,5,3,3,0,4,0,8,-8,9,3,9,2,7,3,8,2,4,-1,4,0,3,4,0,1,1,1,-1,2,-5,3,4,3,4,2,6,4,7,3,9,4,8,6,8,5,-9,3,-9,-2
14,7,-22,5,-19,7,3,9,17,8,-9,8,-20,8,14,5,17,8,15,9,19,11,17,10,15,9,16,8,21,11,20,11,2,19,13,-4,14,-4,9,-4,7,2,13,1,13,-3,15,-3,17,12,19,11,15,13,13,11,13,0,2,3,-5,18,-2,12,-7,-2,-2,12,-8,15,3,8,4,12,11,15,12,12,16,13,0,25,5,21,-20,8,-29,1
-2,4,-30,5,-29,8,-1,7,-4,0,1,6,-32,9,-2,0,25,9,6,18,28,15,23,14,19,13,27,11,30,14,27,14,-9,15,7,-6,17,-1,6,-12,1,-1,9,-7,15,1,21,3,22,17,29,17,21,18,17,17,11,-2,3,-2,0,23,1,16,-5,-11,4,17,-3,19,8,7,-16,11,12,18,18,18,23,19,8,15,0,30,-29,10,-31,0
-6,28,5,27,6,29,-5,28,-7,28,-6,28,3,28,-8,29,-7,30,-6,28,-6,29,-6,28,-5,23,-6,28,-6,30,-7,29,-8,32,-8,17,-3,20,-5,19,-6,21,-5,20,-5,21,-4,20,-7,30,-5,29,-7,28,-6,27,-4,17,-6,17,5,20,-4,17,-3,19,-2,20,2,20,-7,18,-9,34,-8,31,-9,29,-8,26,-7,31,-7,29,3,30,4,24
-6,46,5,46,6,47,-6,46,-7,47,-6,47,-7,46,-8,47,-7,47,-6,47,-6,47,-6,46,-4,39,-7,45,-7,47,-7,47,-9,52,-7,34,-4,39,-5,37,-7,38,-6,39,-6,38,-4,36,-7,48,-4,46,-6,44,-5,44,-4,32,-6,32,5,35,-4,31,3,34,-3,36,3,35,-6,34,-10,53,-8,47,-9,48,-7,44,2,49,-7,48,3,49,4,42
-7,63,5,64,5,65,-6,64,-8,65,-7,63,-9,65,-8,62,-7,64,-6,64,-7,62,-6,61,-5,58,-8,63,-8,65,-8,66,-9,70,-9,56,-5,58,-6,56,-7,55,-7,55,-6,53,-5,53,-7,64,-5,60,-8,61,-7,62,-5,49,-7,50,4,52,-5,48,-4,51,5,54,5,49,-7,52,-10,69,-9,68,-9,67,-8,67,2,72,-8,70,3,71,3,64
3,28,-5,27,-4,29,4,28,3,28,4,27,-6,28,1,28,3,30,4,27,2,28,3,27,3,22,3,27,4,30,3,27,2,31,2,16,6,20,5,19,3,21,3,20,2,21,4,20,2,30,4,28,2,28,2,26,4,17,3,17,-2,20,2,17,3,18,-3,20,-3,21,0,19,-2,34,-1,31,0,30,2,26,-4,31,1,29,-6,30,-6,25
4,45,-5,45,-3,47,4,45,3,46,4,45,2,46,2,46,3,46,3,46,3,45,4,45,5,37,3,44,4,47,3,47,2,50,3,34,7,39,5,36,4,39,4,37,5,38,6,35,3,47,3,46,2,44,4,43,5,33,3,32,-3,33,5,32,5,34,5,35,-5,36,3,34,0,51,1,48,2,48,3,44,-6,48,3,47,-6,47,-6,42
3,64,-6,63,-4,64,4,64,3,64,4,65,2,66,2,64,3,64,3,64,3,63,4,62,5,60,3,63,3,66,3,68,2,70,2,58,6,60,4,58,4,58,4,55,5,56,5,54,2,65,2,63,1,62,2,63,5,50,3,51,-5,51,5,52,-5,53,5,54,-6,53,3,52,0,71,1,69,1,69,2,70,-8,67,2,71,-8,66,-7,64
