0,-16,0,-15,1,-15,1,-16,1,-14,2,-15,2,-15,0,-16,0,-15,0,-14,1,-15,1,-15,2,-15,0,-16,0,-15,1,-14,1,-14,1,-14,2,-16,1,-15,0,-15,1,-15,0,-15,1,-16,1,-15,0,-15,0,-15,2,-16,1,-16,0,-15,0,-15,2,-16,1,-16,1,-16,2,-16,2,-16,0,-15,0,-15,1,-16,0,-15,2,-15,1,-15,2,-15,1,-15,1,-16,2,-15,1,-16,1,-16,2,-15,1,-16,0,-16,0,-15,0,-14,1,-15,1,-15,1,-15,1,-15,1,-15,0,-15,0,-14,0,-15,0,-15,1,-15,0,-15,0,-15,2,-15,1,-16,1,-15,1,-14
0,0,0,0,0,0,0,0,0,0,0,0,0,0,0,0,0,0,0,0,0,0,0,0,0,0,0,0,0,0,0,0,0,0,0,0,0,0,0,0,0,0,0,0,0,0,0,0,0,0,0,0,0,0,0,0,0,0,0,0,0,0,0,0,0,0,0,0,0,0,0,0,0,0,0,0,0,0,0,0,0,0,0,0,0,0,0,0,0,0,0,0,0,0,0,0,0,0,0,0,0,0,0,0,0,0,0,0,0,0,0,0,0,0,0,0,0,0,0,0,0,0,0,0,0,0,0,0,0,0,0,0,0,0,0,0,0,0
-8,1,-9,1,-8,1,-7,0,-7,2,-6,2,-6,2,-9,0,-8,2,-8,3,-6,1,-7,1,-7,1,-8,0,-8,2,-8,2,-6,0,-7,1,-7,1,-8,1,-7,2,-8,1,-9,2,-8,1,-8,2,-8,0,-7,-1,-7,1,-7,1,-6,-2,-7,0,-7,1,-8,1,-8,0,-8,0,-8,0,-4,0,-7,0,-7,0,-9,1,-8,1,-7,0,-6,1,-6,2,-7,1,-7,1,-6,0,-6,-1,-6,0,-8,-1,-8,-1,-7,0,-7,1,-7,2,-7,1,-7,2,-7,2,-8,1,-7,1,-5,0,-7,1,-8,0,-7,1,-8,2,-8,1,-6,0,-8,1,-7,0,-8,2
-18,8,-18,10,-16,10,-15,9,-12,10,-12,11,-13,11,-18,9,-13,10,-15,10,-15,10,-16,9,-17,9,-15,8,-14,9,-14,12,-13,7,-13,11,-15,10,-16,9,-15,9,-16,10,-17,11,-16,10,-15,10,-14,10,-15,8,-16,9,-15,9,-12,8,-9,4,-7,10,-16,10,-15,8,-15,8,-15,10,-10,6,-14,10,-15,9,-17,10,-15,10,-12,9,-12,10,-13,10,-13,10,-15,10,-13,10,-16,9,-15,10,-17,8,-17,8,-17,11,-14,11,-15,10,-14,10,-15,11,-15,11,-16,10,-16,10,-15,11,-16,9,-17,7,-14,10,-15,10,-14,11,-14,11,-16,10,-13,11,-13,11
-29,10,-28,11,-26,12,-22,11,-20,15,-20,14,-23,15,-29,10,-9,3,-10,3,-14,6,-18,6,-23,6,-25,9,-26,10,-18,9,-5,0,-12,9,-17,10,-22,10,-25,7,-22,10,-24,10,-24,9,-26,9,-12,9,-19,6,-27,7,-28,7,-12,10,-12,10,1,10,-21,10,-21,9,-26,7,-25,7,-11,10,-13,8,-20,9,-26,8,-25,9,-23,9,-23,10,-23,10,-24,9,-25,8,-14,8,-15,7,-17,9,-21,7,-27,4,-24,6,-26,8,-26,8,-25,11,-26,11,-28,10,-27,9,-27,8,-17,9,-15,8,-19,6,-26,6,-26,8,-24,9,-12,9,-23,9,-19,6,-24,11
8,1,7,1,7,0,7,-1,7,2,8,0,8,1,8,0,7,1,7,1,7,1,8,0,8,0,7,-1,7,0,6,0,6,0,7,0,8,-1,8,1,7,0,7,0,7,1,8,-1,8,0,6,0,8,0,8,0,7,-1,7,-1,6,0,8,-1,9,0,8,-1,8,-1,8,-1,4,0,6,0,8,0,7,0,8,0,8,0,7,1,8,1,8,0,9,0,6,0,6,-1,8,0,7,0,8,-1,6,1,8,1,8,0,7,1,7,0,7,0,8,0,8,0,5,-1,6,-1,8,0,8,0,7,0,7,0,7,0,7,-1,8,0,6,1
16,9,17,10,17,10,17,9,15,11,16,10,17,11,17,8,12,11,14,12,16,12,18,10,18,9,16,9,16,10,10,5,9,4,14,11,15,8,17,11,16,9,13,5,17,10,17,9,16,11,10,6,16,9,18,9,17,8,10,4,8,2,12,7,17,8,18,8,18,7,17,10,12,14,8,3,16,10,16,11,17,11,16,9,16,11,17,10,17,9,18,9,13,11,6,0,9,1,15,8,17,9,15,12,16,11,17,10,16,11,16,11,17,11,17,10,17,11,-15,10,9,3,16,7,17,9,16,11,16,11,15,9,16,10,15,10,15,11
26,11,27,11,24,12,28,11,25,13,26,12,28,12,27,8,5,3,10,7,13,9,15,8,18,9,27,9,27,11,13,11,11,10,12,10,15,10,17,11,27,9,19,11,27,10,27,9,27,9,11,9,22,4,29,9,28,9,12,9,10,9,11,9,21,9,24,7,27,7,25,8,9,10,11,9,18,11,24,8,27,8,28,9,28,9,28,9,28,7,29,7,11,7,14,10,16,11,17,10,27,6,19,10,27,11,27,10,26,12,27,12,28,11,25,10,23,10,11,10,14,8,16,7,29,9,27,10,27,12,14,10,24,10,16,10,26,13
-6,25,-6,26,-5,26,-6,26,-6,28,-4,26,-5,27,-7,25,-6,26,-6,26,-5,27,-5,26,-5,26,-6,26,-5,27,-5,28,-5,27,-6,27,-5,26,-6,26,-6,27,-6,27,-7,27,-6,26,-6,27,-7,26,-6,26,-5,27,-5,27,-6,27,-6,28,-4,27,-5,26,-5,25,-5,25,-6,26,-7,28,-7,27,-6,26,-7,26,-6,26,-5,27,-5,28,-5,27,-5,26,-5,27,-6,27,-6,27,-5,27,-6,27,-7,25,-7,27,-5,28,-5,27,-5,28,-5,27,-5,27,-5,27,-5,27,-6,29,-6,28,-5,26,-5,27,-6,27,-6,27,-5,27,-6,26,-6,27,-6,27
-6,44,-5,45,-4,44,-5,44,-4,46,-4,45,-3,46,-5,43,-5,44,-5,46,-4,46,-3,45,-3,45,-5,44,-4,44,-4,46,-4,45,-5,46,-4,45,-5,44,-5,45,-4,45,-6,45,-5,44,-5,45,-6,44,-5,44,-4,44,-4,45,-5,45,-5,46,-4,44,-4,44,-4,43,-4,43,-4,43,-6,46,-6,45,-5,44,-6,44,-5,44,-5,44,-4,44,-4,45,-4,44,-4,44,-5,45,-5,45,-4,44,-5,43,-6,42,-6,45,-5,46,-4,45,-4,46,-4,45,-4,45,-4,44,-4,45,-5,47,-4,45,-5,44,-4,45,-5,45,-5,45,-4,46,-5,45,-5,45,-5,45
-6,62,-6,63,-5,63,-5,62,-5,64,-4,63,-4,64,-6,62,-5,63,-5,64,-4,64,-4,63,-4,63,-5,62,-5,63,-5,64,-5,64,-6,64,-4,63,-6,62,-6,63,-5,63,-6,63,-5,62,-5,63,-6,63,-6,63,-4,62,-4,63,-6,63,-6,64,-4,63,-5,62,-5,61,-5,61,-6,62,-6,65,-6,63,-5,62,-6,62,-6,62,-5,62,-5,63,-5,63,-5,62,-5,62,-6,63,-6,63,-5,63,-6,62,-6,61,-7,64,-5,64,-4,64,-4,64,-5,64,-5,64,-5,63,-4,64,-6,66,-5,63,-5,62,-4,63,-5,63,-5,63,-4,65,-6,64,-5,63,-6,62
3,26,3,26,4,26,4,26,3,28,4,27,4,27,2,25,3,26,3,27,4,27,4,26,5,26,3,27,3,28,3,28,3,27,3,27,5,26,3,27,3,27,4,27,3,27,3,26,3,27,2,26,3,27,4,27,4,27,3,27,2,29,5,27,4,26,4,25,4,26,3,26,2,28,2,27,4,26,3,27,3,27,3,27,3,27,3,27,4,26,3,27,3,27,2,28,4,27,3,27,2,25,1,27,3,28,4,28,4,28,4,27,4,27,4,27,4,27,3,29,3,28,4,26,4,27,3,28,3,27,4,27,3,26,3,28,3,27
1,45,1,45,2,45,2,44,2,47,3,45,3,45,1,44,1,45,2,46,3,46,3,44,3,45,1,44,2,45,2,46,2,45,2,46,3,45,1,45,2,45,2,46,1,46,2,45,2,46,0,45,1,45,2,46,2,46,1,46,0,47,3,45,1,45,2,43,1,44,2,44,0,47,1,46,1,45,0,45,2,45,2,45,2,45,2,46,2,45,2,45,1,46,1,45,2,45,1,44,0,43,-1,46,2,46,3,46,2,45,2,46,2,46,2,45,2,46,1,47,1,46,2,45,3,46,2,46,1,46,2,46,1,45,2,46,1,45
0,62,0,63,1,63,1,62,1,64,2,63,2,64,0,63,1,62,1,64,2,64,2,62,2,63,1,62,2,62,1,64,2,64,1,64,2,63,1,63,0,63,1,63,0,63,0,62,1,62,-1,62,1,63,2,63,2,63,1,63,0,64,2,62,1,62,1,61,1,60,1,63,0,66,0,64,1,64,0,63,1,64,2,63,2,64,1,64,1,62,2,63,0,64,1,63,1,63,0,62,0,61,0,64,2,64,3,64,2,63,2,64,2,64,2,63,2,64,1,66,1,63,2,63,2,63,1,63,1,62,2,65,1,64,1,63,1,63
