-1,-14,0,-15,1,-16,1,-15,1,-16,1,-16,1,-16,0,-16,1,-16,1,-16,1,-17,1,-16,1,-17,1,-16,1,-16,1,-15,1,-16,1,-15,2,-15,0,-15,-1,-16,1,-16,1,-16,1,-16,2,-16,2,-15,2,-15,2,-16,2,-16,3,-15,2,-16,2,-16,2,-16,2,-16,-1,-15,1,-16,0,-16,0,-16,0,-16,0,-16,1,-16,1,-16,1,-16,1,-17,1,-16,0,-16,0,-16,1,-16,1,-16,1,-16,0,-17,1,-16,2,-17,1,-16,2,-16,1,-17,2,-16,0,-17,0,-16,0,-17,1,-16,1,-16,1,-15,2,-16,1,-16,2,-16,2,-16,2,-16,1,-16,1,-17,2,-15
0,0,0,0,0,0,0,0,0,0,0,0,0,0,0,0,0,0,0,0,0,0,0,0,0,0,0,0,0,0,0,0,0,0,0,0,0,0,0,0,0,0,0,0,0,0,0,0,0,0,0,0,0,0,0,0,0,0,0,0,0,0,0,0,0,0,0,0,0,0,0,0,0,0,0,0,0,0,0,0,0,0,0,0,0,0,0,0,0,0,0,0,0,0,0,0,0,0,0,0,0,0,0,0,0,0,0,0,0,0,0,0,0,0,0,0,0,0,0,0,0,0,0,0,0,0,0,0,0,0,0,0,0,0,0,0,0,0,0,0,0,0
-7,1,-8,0,-8,0,-8,0,-8,1,-8,2,-8,2,-8,1,-8,2,-9,1,-9,0,-8,1,-8,0,-8,0,-9,1,-9,2,-8,1,-9,1,-8,1,-9,1,-8,0,-9,1,-9,2,-10,2,-9,2,-9,3,-8,3,-8,2,-8,1,-8,1,-8,0,-9,1,-8,1,-8,-1,-7,0,-7,1,-8,1,-9,1,-9,1,-9,2,-9,3,-9,1,-9,2,-9,2,-9,2,-9,2,-9,2,-10,1,-9,1,-9,1,-7,-1,-9,-1,-9,0,-10,1,-9,1,-9,1,-9,1,-8,0,-9,1,-9,0,-9,1,-9,1,-9,2,-8,1,-9,1,-8,1,-8,1,-8,1,-8,1,-8,1,-7,0
-15,8,-18,9,-17,8,-16,9,-15,11,-15,12,-16,12,-16,13,-17,14,-17,14,-16,14,-15,15,-13,13,-12,9,-10,15,-10,15,-9,16,-11,15,-12,15,-15,15,-16,11,-18,13,-19,13,-19,13,-17,13,-17,12,-16,13,-15,12,-16,12,-16,12,-17,12,-17,12,-16,12,-15,12,-9,3,-15,11,-17,11,-17,12,-16,12,-16,12,-14,14,-14,14,-14,14,-15,14,-16,15,-17,15,-17,15,-18,15,-18,15,-16,15,-14,8,-14,14,-12,14,-13,15,-11,16,-13,15,-15,15,-12,7,-13,7,-18,12,-18,13,-17,13,-17,13,-15,12,-15,12,-14,12,-13,11,-14,12,-15,12,-15,12,-14,12
-25,12,-28,5,-28,3,-27,5,-27,7,-27,7,-27,9,-27,10,-27,11,-27,11,-25,10,-22,11,-13,12,-11,13,4,12,2,12,-1,12,0,11,2,12,-14,14,-15,11,-17,13,-27,9,-28,10,-28,11,-28,12,-29,12,-27,11,-28,9,-27,9,-28,7,-26,8,-24,7,-20,7,-15,11,-21,12,-27,11,-28,12,-29,12,-29,13,-27,14,-27,13,-27,14,-28,15,-29,14,-29,14,-29,12,-28,10,-26,8,-22,9,-13,11,-12,12,2,10,-2,10,-2,10,-2,10,-2,10,-15,13,-16,13,-18,13,-25,14,-28,12,-28,13,-27,12,-28,11,-27,11,-27,11,-26,11,-27,12,-27,10,-20,9
8,1,8,1,8,0,8,1,8,1,8,1,9,2,8,1,8,2,8,1,8,1,9,2,8,0,9,1,10,2,10,3,9,1,9,2,10,2,8,1,8,1,9,1,8,1,9,2,9,2,9,1,9,3,8,2,8,1,9,1,7,0,8,1,8,1,7,-1,6,0,8,1,8,0,8,1,8,0,8,1,8,2,9,2,9,2,9,2,9,2,9,2,9,2,9,2,9,1,9,2,8,1,8,0,9,0,9,2,9,2,10,1,9,1,8,1,8,1,7,0,8,0,8,0,9,2,9,1,8,1,9,1,9,1,9,1,9,1,9,0,8,0
15,11,17,10,17,9,16,11,16,12,16,12,17,13,17,13,17,15,17,15,16,14,15,15,10,5,10,7,11,16,10,17,10,16,11,17,14,18,15,18,15,15,13,8,17,12,18,14,18,13,17,13,17,14,16,13,16,13,18,14,17,13,16,13,16,14,15,13,11,7,15,9,15,10,16,10,16,11,16,12,17,14,16,13,17,14,18,15,18,15,18,16,18,16,18,16,16,16,15,16,14,16,12,16,11,15,10,16,10,17,11,16,13,17,13,16,13,12,13,9,13,8,16,12,17,13,17,11,15,11,15,12,15,11,15,12,16,12,16,12,12,8
23,17,25,11,28,9,28,10,28,11,28,12,29,12,29,13,29,14,27,14,23,14,18,15,14,14,12,15,-1,11,-1,12,3,13,1,11,8,12,11,13,14,14,17,13,19,14,23,14,27,14,28,15,29,15,28,15,27,14,29,14,25,13,23,13,21,12,17,10,13,13,20,13,22,13,24,14,27,14,28,15,28,16,28,16,28,17,29,17,30,16,30,16,28,14,27,13,24,12,18,12,12,13,10,12,-1,10,0,11,1,11,1,11,2,12,10,14,14,16,16,15,19,15,22,15,25,15,28,14,27,13,27,13,26,12,26,13,26,14,26,12,14,12
-6,25,-7,28,-7,27,-7,29,-7,30,-8,30,-8,30,-8,30,-8,30,-8,30,-8,31,-7,30,-7,30,-7,31,-8,31,-8,32,-8,31,-8,31,-7,32,-8,32,-9,31,-8,31,-8,31,-8,31,-8,31,-8,31,-7,31,-7,31,-7,29,-6,29,-7,28,-7,28,-7,28,-7,27,-7,27,-6,27,-8,28,-7,28,-8,29,-8,30,-7,31,-7,30,-8,32,-8,32,-8,32,-8,33,-8,32,-9,32,-9,32,-9,31,-8,31,-9,31,-8,31,-9,32,-8,32,-8,31,-8,32,-9,31,-9,31,-9,30,-8,30,-8,30,-8,30,-7,30,-8,30,-7,31,-7,30,-7,30,-7,30,-6,28,-7,27
-6,43,-6,47,-6,47,-6,49,-6,49,-6,50,-7,50,-7,49,-6,51,-7,50,-7,50,-7,51,-7,51,-7,52,-6,52,-6,53,-7,53,-7,53,-6,53,-7,52,-7,52,-7,52,-7,53,-7,53,-6,52,-6,53,-6,52,-6,51,-6,49,-5,49,-6,48,-6,49,-6,48,-6,47,-7,44,-6,46,-7,46,-7,48,-6,49,-7,50,-6,52,-6,52,-6,54,-6,54,-6,54,-7,54,-7,55,-7,54,-7,54,-7,54,-7,55,-7,55,-6,54,-7,55,-6,55,-6,54,-6,53,-7,54,-7,53,-7,52,-6,52,-6,52,-7,51,-6,51,-7,51,-5,50,-5,50,-5,49,-5,49,-5,48,-5,48
-7,62,-8,67,-8,67,-8,68,-8,69,-8,69,-8,70,-8,70,-8,71,-8,72,-8,72,-8,73,-8,73,-8,74,-8,74,-8,74,-8,74,-8,75,-7,75,-9,75,-9,74,-8,74,-8,73,-9,73,-8,73,-8,73,-8,73,-8,71,-8,69,-6,69,-7,68,-7,67,-7,67,-7,66,-7,64,-6,65,-8,67,-8,68,-8,69,-8,71,-7,72,-7,73,-8,75,-8,75,-8,75,-8,75,-8,76,-8,76,-8,76,-8,76,-8,76,-9,75,-8,74,-9,75,-8,76,-7,75,-8,74,-9,74,-9,74,-9,73,-8,73,-8,73,-8,72,-7,71,-8,71,-7,70,-7,69,-6,69,-6,69,-7,68,-7,67
3,26,2,28,2,28,2,29,2,30,2,30,3,31,2,30,3,31,2,31,3,31,3,31,2,30,3,31,2,32,2,32,2,32,2,32,3,32,2,33,2,32,2,32,3,32,2,32,3,32,3,33,2,32,3,31,3,30,4,29,3,28,3,29,3,29,3,27,1,27,3,28,2,28,2,28,2,29,3,30,3,32,3,31,3,34,3,34,3,34,3,34,3,32,3,32,3,32,2,32,3,32,2,32,3,32,3,32,3,34,3,33,3,33,2,33,2,33,2,32,2,32,2,31,2,31,3,31,2,31,3,31,3,30,3,30,3,30,3,29,3,28
0,43,1,48,1,47,1,49,1,50,1,51,1,51,0,50,1,52,1,51,1,51,0,52,1,51,1,52,1,53,1,54,1,54,1,54,2,53,0,53,0,53,1,53,1,54,1,53,2,53,2,53,1,53,2,51,2,49,2,50,1,49,1,49,1,48,1,46,1,45,2,46,0,46,1,48,1,49,1,50,2,52,2,52,2,54,2,54,2,54,1,54,1,54,2,54,2,54,2,54,1,55,1,55,2,54,1,55,2,55,2,54,2,54,1,54,1,53,0,52,1,53,1,53,1,52,2,52,1,52,2,51,2,51,2,50,2,50,2,49,2,48
0,60,0,66,0,66,0,67,-1,68,-1,69,0,69,0,70,0,71,0,72,0,72,0,72,0,72,0,74,-1,73,0,74,0,74,-1,76,1,75,0,74,-1,74,0,74,0,74,0,73,1,73,0,73,0,73,0,70,0,68,2,68,0,67,-1,67,0,67,0,65,-1,64,1,65,0,66,0,68,0,70,0,69,1,72,1,73,0,74,1,74,1,74,0,74,0,74,0,74,0,74,0,74,0,76,0,75,1,75,0,76,0,76,1,74,1,74,0,73,0,73,0,72,0,72,0,72,1,71,2,70,1,70,1,69,1,68,1,68,1,68,1,67,1,66
