-1,-13,-2,-14,-1,-13,-1,-14,-1,-14,0,-14,3,-19,-9,0,-3,-9,2,-13,4,-15,-5,-14,-3,0,-6,3
0,0,0,0,0,0,0,0,0,0,0,0,0,0,0,0,0,0,0,0,0,0,0,0,0,0,0,0
7,4,8,1,8,2,7,2,7,3,8,2,1,-22,4,5,-5,3,-5,2,-5,3,7,1,8,2,7,2
10,16,17,9,16,9,14,9,13,10,13,10,-4,14,-14,10,-13,11,-12,11,-10,11,15,10,16,8,16,8
3,18,14,18,13,18,11,18,10,10,10,9,0,0,-9,20,-11,19,-9,19,-6,20,9,16,13,10,-1,6
-5,4,-7,3,-7,3,-8,3,-7,3,-6,2,-4,14,0,5,-7,1,-7,3,-6,4,-5,3,-4,4,-3,2
-7,16,-12,14,-12,13,-13,12,-12,12,-11,12,3,-18,-13,10,-13,12,-12,12,-9,12,-9,14,3,5,-6,10
-8,24,-7,9,-7,8,-7,6,-6,6,-6,5,5,-18,-9,19,-11,19,-8,19,-5,21,-8,13,9,16,-2,7
6,29,6,26,6,25,5,25,5,25,4,24,-3,-18,-1,25,-1,29,-1,26,0,24,7,26,4,25,5,24
2,46,-1,39,1,40,0,40,0,40,0,39,0,0,2,42,1,46,3,42,4,42,0,40,1,40,1,40
3,60,-1,54,-3,55,-5,54,-5,52,-3,52,-4,15,6,59,7,60,8,60,8,60,2,53,0,53,-3,53
-2,29,-1,26,-1,25,-1,26,-1,25,-2,24,3,-18,0,24,-2,28,2,24,5,23,2,27,4,25,4,24
-8,45,-2,41,1,43,0,43,0,43,0,41,0,-1,-1,40,-3,41,-1,39,2,39,2,43,4,44,6,43
2,59,2,56,6,62,6,62,7,60,7,58,-5,14,-8,52,-9,52,-9,49,-8,49,9,60,11,60,14,60
