11,-14,10,-15,11,-14,11,-14,11,-14,11,-14,11,-14,12,-14,11,-14,11,-15,10,-14,10,-14,11,-13,10,-14,10,-14,-9,-15,-9,-15,-9,-15,-11,-15,-11,-14,-11,-15,-10,-15,-9,-16,10,-15,10,-15,11,-15,12,-15,11,-15,11,-14,12,-14,11,-14,10,-13,11,-13,11,-14,-13,-13,-11,-15
0,0,0,0,0,0,0,0,0,0,0,0,0,0,0,0,0,0,0,0,0,0,0,0,0,0,0,0,0,0,0,0,0,0,0,0,0,0,0,0,0,0,0,0,0,0,0,0,0,0,0,0,0,0,0,0,0,0,0,0,0,0,0,0,0,0,0,0,0,0,0,0
-8,5,-7,5,-6,6,-5,4,-5,6,-6,5,-3,7,-6,5,-5,4,-6,4,-4,5,-5,4,-1,5,-2,4,-2,4,6,4,5,5,3,5,0,6,6,5,5,5,4,4,2,7,-1,5,-4,5,-6,4,-4,4,-4,3,-4,4,-3,5,1,9,2,9,2,6,3,6,4,4,4,4
-16,20,-14,22,-5,23,-5,24,-15,14,-16,15,-7,27,-16,14,-16,15,-15,16,-13,17,-7,18,-5,18,-1,17,-10,17,9,20,5,21,4,19,5,21,15,19,13,20,11,20,3,24,-2,20,-14,21,-19,17,-9,19,-9,17,-11,17,-5,25,-19,15,2,23,4,21,4,20,6,18,6,18
-2,24,0,23,5,22,6,20,7,19,3,19,3,19,4,17,-3,19,1,19,1,20,1,21,2,26,-3,27,-2,27,5,31,2,34,-3,23,-4,20,-3,19,0,22,-2,22,-8,19,4,23,0,24,2,17,3,18,2,22,3,22,6,22,1,22,-7,23,-5,21,-5,21,-3,21,-3,22
-1,5,-2,4,-3,4,-3,4,-5,5,-5,4,-7,4,-3,5,-5,4,-3,4,-6,4,-4,3,-5,3,-5,3,-5,3,1,6,2,6,4,6,6,5,4,6,3,6,4,5,4,7,-5,4,-4,4,-3,5,-4,4,-2,4,-6,3,-6,3,-10,3,-11,3,-11,3,-11,3,3,4,4,6
-5,18,-6,17,-4,19,-12,16,-14,15,-15,15,-16,14,-16,15,-14,15,-12,16,-11,17,-2,15,-6,17,-11,15,-10,16,-5,18,1,22,9,23,17,19,15,19,13,20,12,22,13,19,-7,18,-9,18,-6,19,-9,18,-2,15,-14,16,-15,16,-19,15,-21,15,-21,15,-21,15,6,19,7,22
2,21,2,21,4,21,4,20,4,20,3,19,-4,21,4,16,1,18,1,19,0,20,3,20,0,24,-5,25,-2,22,2,30,-2,35,-4,24,0,22,-2,20,-2,22,-2,24,-9,19,0,24,3,20,3,17,0,22,3,20,-1,22,2,22,-9,20,-11,21,-11,19,-10,19,-3,21,-3,23
-8,35,-8,35,-9,35,-10,34,-10,35,-10,33,-11,34,-10,34,-9,33,-8,34,-8,34,-8,34,-6,33,-7,35,-7,34,2,36,2,36,-1,36,6,38,5,37,5,36,5,36,3,37,-9,38,-10,38,-10,36,-8,36,-8,35,-9,36,-10,36,-11,36,-12,35,-11,35,-10,35,4,37,8,36
-1,60,-1,61,-2,60,-5,58,-8,60,-11,57,-13,56,-15,57,-13,56,-5,58,-4,57,-5,55,-1,55,-4,58,-4,58,-6,60,-6,60,-8,58,8,60,9,61,5,60,1,60,-4,61,-3,61,-6,63,0,61,0,63,1,61,0,63,-3,62,-12,62,-13,58,-19,58,-19,57,-7,60,12,61
-7,85,-11,83,-14,82,-17,80,-20,83,-24,84,-25,85,-29,83,-30,76,-2,82,-5,80,-8,78,-10,77,-4,81,-5,82,-11,84,-10,84,-3,82,18,85,31,80,30,73,28,69,20,73,-12,85,-17,85,-22,81,-4,90,-8,86,-12,85,-16,85,-25,87,-30,87,-36,85,-38,83,-4,86,31,66
-10,35,-8,35,-7,35,-7,34,-7,35,-6,33,-7,33,-6,34,-6,33,-9,33,-8,33,-7,33,-7,32,-13,34,-13,33,3,36,3,36,3,37,6,38,4,38,3,36,4,36,6,37,-12,38,-10,37,-13,35,-11,36,-10,35,-11,36,-8,36,-10,35,-13,35,-11,35,-12,34,4,38,5,36
-10,58,-5,58,-3,58,-2,57,0,57,1,57,0,57,-2,56,-5,57,-11,58,-9,59,-3,54,-2,54,-18,55,-16,55,10,62,8,63,1,63,-6,62,-2,63,-5,62,-7,63,0,64,-4,60,-5,61,-13,60,-13,62,-9,60,-7,60,-5,60,-2,58,-4,57,-7,58,-8,58,-7,62,-4,62
-26,67,-10,80,-23,64,-24,68,-19,70,-14,75,-11,80,-6,82,-2,82,-27,71,-30,70,-8,77,-10,76,-33,74,-33,69,26,80,28,76,27,70,6,85,-9,90,-7,90,-2,89,12,88,-11,82,-16,84,-25,83,-25,64,-8,85,-12,84,-28,64,-18,74,-18,77,-8,84,-5,83,-3,85,-5,86
