4,-16,5,-16,4,-16,5,-16,4,-16,5,-16,6,-17,5,-16,4,-16,4,-16,4,-16,3,-17,3,-17,4,-16,3,-16,4,-16,4,-16,4,-15,4,-16,5,-16,-4,-16,-4,-16,-5,-16,-4,-16,-3,-17,-3,-16,-3,-17,-4,-15,-4,-16,-4,-16,-5,-16,-4,-15,-3,-16,-4,-15,-6,-15,-4,-16,-4,-16,-4,-16,-5,-16,-4,-16,-4,-16,-4,-17,-4,-16,-5,-16,-3,-16,-4,-16,-3,-16,-3,-16,6,-17,6,-16,6,-16,6,-16,6,-16,6,-16,6,-16,6,-16,6,-16,6,-16,5,-16,6,-17,4,-16,5,-17,5,-16,5,-17,3,-15,5,-15,6,-16,4,-16,4,-15,5,-16,4,-16,5,-16,5,-16,-5,-16,-4,-16,-5,-16,-4,-16,-5,-16,-5,-16,-5,-16,-4,-16,-4,-16,-5,-16,-5,-16,-5,-15,-5,-16,-4,-15,-5,-15,-5,-15,-4,-15,-5,-16,-6,-15,-5,-16,-5,-15,-5,-15,-5,-16,-17,-17,-2,-17,-4,-16,-3,-17,-4,-16,-5,-16,-4,-17,2,-14
0,0,0,0,0,0,0,0,0,0,0,0,0,0,0,0,0,0,0,0,0,0,0,0,0,0,0,0,0,0,0,0,0,0,0,0,0,0,0,0,0,0,0,0,0,0,0,0,0,0,0,0,0,0,0,0,0,0,0,0,0,0,0,0,0,0,0,0,0,0,0,0,0,0,0,0,0,0,0,0,0,0,0,0,0,0,0,0,0,0,0,0,0,0,0,0,0,0,0,0,0,0,0,0,0,0,0,0,0,0,0,0,0,0,0,0,0,0,0,0,0,0,0,0,0,0,0,0,0,0,0,0,0,0,0,0,0,0,0,0,0,0,0,0,0,0,0,0,0,0,0,0,0,0,0,0,0,0,0,0,0,0,0,0,0,0,0,0,0,0,0,0,0,0,0,0,0,0,0,0,0,0,0,0,0,0,0,0,0,0,0,0,0,0,0,0,0,0,0,0,0,0,0,0,0,0,0,0
-7,4,-6,4,-6,5,-6,6,-4,6,-3,4,-2,6,-2,6,-4,4,-2,6,1,5,0,4,0,4,0,4,0,4,0,5,-2,5,0,4,-2,4,-1,4,-4,5,-4,4,-5,5,-4,4,-3,5,-3,5,-2,4,1,6,2,6,3,6,2,6,2,6,3,6,2,6,1,6,2,6,2,7,2,6,3,6,3,6,4,6,3,6,2,7,1,6,2,7,3,7,3,7,3,7,-6,4,-8,5,-7,4,-7,4,-7,5,-6,5,-4,5,-5,6,-3,6,-2,5,-2,5,-2,4,-3,5,-2,5,-2,6,1,5,2,5,3,5,1,4,-1,4,-1,5,-1,5,-2,6,-2,5,-1,5,-3,4,-2,4,-4,5,-3,4,-3,4,-3,6,-3,6,0,4,3,6,2,5,2,6,3,6,2,5,2,5,1,5,1,5,2,5,2,5,2,6,2,5,3,6,2,6,-1,6,-10,-33,-3,5,0,6,-1,6,2,6,1,6,2,5,-14,-4
-17,19,-16,19,-15,20,-12,22,-7,22,-5,21,-5,24,-5,23,-6,22,-3,24,2,20,2,20,2,20,-1,19,-1,20,-1,21,-4,20,4,19,-2,18,5,20,-1,15,-1,15,-2,17,-1,16,-1,16,-1,17,-2,16,2,20,3,20,4,21,4,22,3,22,4,21,4,20,1,20,2,20,3,21,1,20,3,21,2,20,8,22,2,20,2,21,-1,18,3,21,4,23,1,20,3,21,-16,19,-16,20,-16,19,-16,20,-15,21,-14,21,-12,22,-11,21,-6,22,-4,23,-5,23,-3,22,-6,22,-12,18,-1,22,-11,18,3,20,6,20,2,20,2,21,0,21,0,21,-4,21,-6,22,-3,22,-2,15,0,15,-1,15,-1,15,-1,15,0,18,-1,17,0,16,4,19,4,19,4,19,3,20,3,19,2,19,1,20,1,17,2,19,2,19,2,20,2,19,2,21,2,20,-1,19,-11,-10,-1,20,0,19,-3,17,1,19,0,20,-2,28,-13,10
-4,26,-3,28,-2,28,1,27,4,25,7,23,7,23,7,23,5,23,7,24,7,24,7,25,6,26,7,22,8,17,8,17,7,17,6,25,7,22,8,22,-7,18,-7,18,-8,19,-6,19,-5,18,-7,18,-7,18,-6,19,-7,19,-6,20,-6,20,-6,21,-4,20,-4,20,-6,19,-7,20,-7,21,-8,21,-8,21,-8,21,-10,21,-9,21,-8,21,-9,19,-7,20,-7,22,-7,22,-7,23,-4,24,-4,25,-4,23,-3,25,-2,25,0,22,0,23,4,22,5,22,6,22,6,21,8,20,5,21,3,21,5,21,1,20,-1,18,1,20,4,21,6,19,9,20,7,17,1,34,-6,39,4,32,-8,17,-6,17,-7,18,-6,18,-7,17,-6,18,-7,20,-5,17,-4,19,-4,18,-4,18,-4,19,-4,18,-4,18,-6,19,-6,18,-6,19,-7,18,-8,19,-9,19,-8,20,-9,20,-11,19,-18,-14,-9,18,-9,17,-10,16,-10,17,-10,19,-8,20,-17,20
4,5,4,5,3,6,2,5,1,5,-2,4,-1,5,-2,5,-2,5,-3,5,-3,4,-3,4,-3,5,-2,4,-3,4,-2,5,-2,4,-4,4,-2,4,-3,4,6,5,6,4,6,6,7,5,6,6,6,7,4,7,3,7,2,7,1,7,1,7,2,7,2,6,2,6,1,7,1,7,2,7,2,7,2,7,2,7,2,7,3,7,3,7,2,7,2,8,0,7,1,7,1,8,4,5,5,6,4,5,4,5,3,6,2,5,2,5,0,5,-2,5,-1,5,-2,5,-2,4,-3,5,-3,4,-4,5,-5,4,-6,4,-4,5,-4,4,-3,4,-2,5,-2,5,-2,5,-2,5,-1,5,7,4,7,4,6,5,5,5,6,4,6,6,6,6,5,6,2,6,3,6,3,6,2,6,3,6,2,5,1,5,2,5,2,5,2,6,2,6,2,5,3,6,3,6,4,5,-9,-32,4,5,3,6,3,6,1,7,2,7,2,4,-15,-4
6,17,6,17,4,18,3,18,-1,17,-4,18,-3,20,-4,19,-3,19,-9,18,-9,18,-8,17,-3,18,-2,17,-2,18,-3,19,-3,18,-5,18,-3,18,-3,18,14,19,15,19,13,20,13,19,11,21,9,22,4,22,4,22,3,23,2,24,3,24,3,23,2,22,3,21,0,22,1,22,2,23,3,22,3,22,6,23,8,22,9,22,9,23,7,22,6,24,2,24,1,24,1,25,5,17,5,17,6,16,7,17,7,21,-12,19,-1,17,-7,19,-4,19,-3,19,-4,19,-3,19,-10,17,-12,18,-12,19,-13,17,-13,18,-11,18,-10,17,-4,18,-2,18,-2,19,-3,19,-3,19,-2,21,15,17,15,17,14,19,14,19,13,19,11,20,10,21,5,20,4,20,5,21,5,21,4,22,4,21,1,20,1,20,2,19,1,22,2,21,3,22,3,21,6,22,9,20,10,20,3,4,10,20,9,19,1,21,2,22,0,22,-2,31,-19,17
11,17,12,19,8,24,10,21,7,22,5,21,6,22,4,22,4,22,0,24,1,24,0,23,-1,32,5,19,7,17,7,17,5,18,0,28,6,21,5,22,1,21,1,21,-1,22,0,21,-1,19,-3,20,-5,19,-7,20,-8,20,-7,21,-8,21,-8,21,-6,20,-6,20,-5,20,-7,21,-8,22,-9,22,-9,22,-9,22,-9,21,-5,21,-6,22,-6,20,-5,22,-7,23,-7,24,-7,24,11,18,9,19,10,19,7,20,3,22,3,20,5,21,3,21,3,21,5,21,5,20,6,20,0,21,-1,21,-1,21,-3,20,-4,17,-2,20,-2,21,3,20,7,20,6,18,-4,30,4,16,-2,33,2,19,2,19,1,19,1,20,0,19,-1,19,-3,20,-4,19,-4,21,-4,19,-5,20,-5,20,-4,18,-5,19,-7,19,-7,19,-8,20,-8,20,-10,21,-9,20,-8,21,-8,20,-6,20,-11,14,-2,21,-6,19,-7,17,-8,19,-10,20,-7,46,-4,20
-7,33,-7,33,-8,32,-7,31,-8,33,-7,33,-8,34,-9,34,-9,35,-8,36,-3,37,-4,35,-3,35,-3,34,-3,34,-3,35,-5,34,0,36,-2,34,-2,33,0,35,0,35,-1,36,0,36,0,35,-1,34,-2,33,-2,34,-3,34,-3,36,-3,36,-3,38,-1,36,-1,36,-1,34,-1,34,-1,33,-1,33,2,33,2,36,2,36,2,36,0,37,-3,34,-1,35,-1,35,-1,34,1,34,-8,32,-8,36,-7,36,-6,37,-6,38,-6,36,-4,37,-5,35,-5,36,-5,36,-7,36,-6,35,-8,35,-6,36,-5,38,-5,37,-4,35,-3,34,-3,33,-4,33,-4,34,-3,34,-4,35,-3,34,2,38,1,33,2,35,0,35,-1,35,0,35,-1,34,-1,34,-1,32,0,34,-2,33,-3,35,-3,35,-3,36,-1,35,-2,35,-3,34,-1,34,-1,33,-2,34,-1,33,0,34,-1,34,-2,34,8,6,-2,36,-3,35,-2,32,-2,33,-4,34,28,37,7,31
2,55,2,55,1,55,1,56,-1,56,0,55,-4,56,-7,57,-11,58,-12,58,-9,59,-4,57,-1,56,0,57,3,57,6,57,6,55,3,57,4,54,3,54,6,55,6,55,3,55,2,55,-1,55,-3,55,-5,54,-9,55,-10,54,-11,55,-10,56,-9,58,-6,58,-7,58,-3,57,-6,56,-6,57,-6,55,-3,55,-1,57,2,57,3,57,3,58,-5,55,-5,56,-6,56,-6,56,-7,56,2,56,2,57,3,57,2,58,1,59,1,58,2,59,0,58,1,57,0,57,-4,57,-6,57,-10,58,-12,59,-12,59,-12,59,-11,58,-3,57,-2,56,-1,56,2,56,6,56,6,56,7,55,5,59,6,53,7,54,6,54,4,53,2,53,-1,52,-3,53,-2,52,-5,53,-9,52,-10,52,-9,53,-7,55,-7,57,-8,57,-8,54,-6,53,-4,53,-5,55,-4,53,-2,54,1,55,2,54,-10,15,1,54,-2,54,-3,53,-5,53,-7,54,25,56,8,48
-1,81,-2,82,-6,81,-9,79,-13,78,-15,76,-19,78,-24,79,-26,79,-28,81,-29,74,-28,72,-23,70,-21,71,-17,73,-15,76,-9,77,4,81,-1,79,-5,77,17,75,19,73,19,71,21,69,20,67,17,66,13,65,10,69,6,72,1,77,-4,79,-10,81,-11,78,-11,81,20,73,-1,79,2,78,5,75,8,76,12,79,14,80,17,80,18,78,18,72,18,71,16,70,13,71,7,75,-18,74,-14,78,-7,81,-2,84,1,86,1,84,-1,85,-5,82,-9,81,-12,81,-17,81,-20,81,-25,81,-26,81,-28,82,-30,79,-31,75,-2,80,-26,70,-21,69,-13,70,-14,74,-9,77,-1,79,10,80,17,71,19,73,19,72,21,72,21,68,19,66,17,65,13,62,7,70,8,69,2,72,-4,75,-9,77,-12,77,-13,74,-11,76,-5,75,-1,74,3,75,6,71,8,74,12,74,14,75,6,36,17,73,17,71,17,68,16,68,13,68,27,73,12,66
-6,33,-5,33,-6,32,-4,31,-5,32,-5,32,-4,33,-4,34,-3,35,-3,36,-2,36,-3,35,-3,35,-3,34,-5,33,-7,34,-7,34,-6,36,-4,33,-4,33,0,36,0,35,-2,36,-1,37,-1,35,0,34,0,33,1,35,1,35,1,36,1,36,1,39,0,37,-1,36,-3,35,-2,34,-1,33,0,33,-1,34,-1,36,-3,36,-4,36,-4,38,-5,34,-4,35,-5,35,-3,34,0,34,-8,31,-7,36,-8,36,-7,36,-7,37,-6,36,-7,37,-4,35,-5,36,-4,35,-4,35,-2,35,-4,35,-4,36,-3,38,-4,37,-5,35,-4,34,-4,33,-5,33,-5,33,-6,34,-6,35,-5,33,-2,37,2,33,0,35,0,35,-1,35,-1,35,-2,34,-1,35,0,32,0,35,2,34,2,35,1,35,2,36,-2,36,0,35,-2,34,-1,34,-1,34,-2,35,-2,33,-2,34,-2,34,-4,35,6,4,-4,36,-5,36,-5,32,-5,34,-4,34,17,37,-4,30
-14,54,-11,55,-9,56,-5,56,-2,55,-1,54,3,54,3,55,4,55,4,55,1,58,1,56,0,55,0,56,-3,55,-7,56,-10,56,-9,56,-7,55,-4,53,-7,56,-6,57,-7,57,-6,57,-7,56,-6,56,-5,55,-2,56,1,56,4,60,5,59,6,60,6,59,3,60,-8,56,-6,56,-7,58,-8,57,-10,57,-11,58,-11,58,-10,58,-8,60,-11,57,-10,58,-10,58,-9,58,-9,57,-9,55,-13,59,-14,58,-14,58,-14,59,-12,57,-8,59,-1,57,-2,57,-1,57,2,56,4,55,4,55,4,55,3,57,0,57,0,56,0,55,1,54,-1,55,-2,54,-6,54,-9,56,-11,56,-10,55,-8,52,-7,54,-7,54,-6,55,-7,55,-7,54,-7,54,-4,53,-4,54,1,54,5,57,6,56,7,56,6,56,5,56,3,55,-6,53,-5,54,-6,56,-8,55,-9,55,-10,56,-10,56,-10,16,-9,57,-10,56,-11,55,-10,55,-10,56,1,52,-15,45
-25,66,-28,69,-29,69,-27,66,-23,65,-18,63,-14,65,-19,75,-11,74,-6,79,2,82,-2,80,-6,78,-10,77,-15,72,-19,77,-22,76,-26,66,-27,66,-24,64,-4,81,-8,82,-11,81,-8,81,-4,80,0,78,3,76,8,78,12,78,15,81,16,82,18,83,23,79,22,76,-7,81,18,73,14,73,9,76,7,78,1,81,-5,82,-9,84,-13,84,-12,84,-6,83,-3,82,1,81,5,81,-21,70,-25,78,-27,77,-28,79,-29,78,-29,72,-27,70,-26,67,-25,67,-20,69,-13,67,-15,74,-10,76,-3,79,1,81,3,80,2,79,0,79,-5,77,-9,76,-15,70,-18,75,-21,76,-22,77,-26,73,2,74,-3,75,-7,74,-10,76,-9,76,-5,76,-1,74,4,73,8,75,11,75,15,76,18,77,20,76,21,75,23,73,20,69,20,68,18,68,14,70,9,73,6,76,0,79,-7,81,6,36,-14,79,-14,79,-9,78,-5,78,-2,76,13,78,-3,69
