-6,-15,-7,-15,-7,-14,-6,-14,5,-15,3,-16,3,-16,6,-15,-6,-16,-5,-16,-6,-15,-7,-15,-7,-15,-7,-15,-7,-15,-8,-15,-7,-15,-7,-15,-6,-15,-7,-15,-6,-14,-7,-14,9,-13,9,-14,7,-16,6,-15,6,-15
0,0,0,0,0,0,0,0,0,0,0,0,0,0,0,0,0,0,0,0,0,0,0,0,0,0,0,0,0,0,0,0,0,0,0,0,0,0,0,0,0,0,0,0,0,0,0,0,0,0,0,0,0,0
6,3,6,4,6,4,8,4,-5,6,0,8,1,7,0,7,-2,3,-2,3,-2,4,-2,3,-2,3,2,3,1,4,5,4,6,3,5,3,7,3,5,5,1,4,-1,3,0,7,0,5,-1,4,-3,8,2,7
6,17,1,16,3,15,5,13,-13,21,-1,24,-2,25,1,21,-1,15,1,15,1,16,1,17,0,16,1,18,0,21,3,19,4,18,4,17,6,18,4,20,2,19,1,16,-3,23,-6,21,-6,19,-10,22,1,22
-5,19,-7,18,-5,18,-2,17,-3,26,-1,40,-3,44,0,30,-7,17,-6,18,-5,20,-6,22,-7,22,-7,23,-9,24,-8,22,-8,21,-5,21,-4,22,-5,23,-6,25,-6,21,5,24,3,24,3,23,1,26,-1,27
0,6,0,6,-3,5,-3,4,2,2,-2,7,-2,7,-4,5,5,4,6,5,5,4,5,5,4,4,5,6,3,6,0,6,0,7,-1,5,-3,5,1,7,3,6,4,6,-5,2,-5,2,-3,2,-1,4,-7,4
1,26,0,23,-10,18,-7,16,0,12,-5,24,-9,25,-8,18,13,20,12,21,12,22,10,22,9,23,7,25,6,26,3,25,2,26,1,22,0,23,2,24,5,22,8,23,-7,17,-8,16,-8,16,-4,14,-9,17
-8,22,-8,20,-10,18,-9,18,4,16,-4,39,-10,41,-4,24,1,28,0,28,-2,29,-3,28,-5,27,-6,27,-8,25,-9,24,-7,23,-7,23,-7,24,-8,25,-6,28,-3,28,0,22,0,21,0,20,1,17,-6,25
3,32,1,33,12,34,12,30,-14,33,-4,36,-3,37,-3,34,1,36,3,34,4,34,2,33,2,30,4,30,1,31,0,32,0,33,2,31,3,32,2,34,4,31,2,33,-10,36,-3,34,-6,31,-6,32,-8,35
-6,51,-5,51,-5,55,19,48,-11,53,2,52,1,55,2,53,-8,53,-6,54,9,53,-7,52,-7,51,-3,51,-9,49,-8,50,-6,50,-5,51,-4,51,-6,51,-3,51,-3,53,-17,57,3,52,1,50,0,51,-15,55
0,72,-5,74,-9,75,26,67,3,75,2,74,4,75,5,75,-8,76,-10,76,27,67,-7,76,-2,72,21,59,4,66,0,71,-6,73,-10,72,-7,74,-2,73,4,72,9,70,8,75,3,75,-3,71,-4,73,-32,70
4,32,4,33,1,35,1,31,-6,34,-11,36,-12,36,-13,34,11,36,5,34,4,34,9,32,8,30,6,31,8,32,4,33,6,35,4,32,4,32,5,34,7,31,7,33,-6,36,-9,33,-13,30,-8,32,-10,34
13,57,13,58,12,58,-3,52,1,53,2,53,-16,56,-12,56,15,57,-6,54,-6,54,5,52,2,51,-4,52,6,56,9,56,13,56,11,56,9,57,7,57,8,57,6,55,3,53,2,51,1,50,-8,51,-3,55
23,78,26,78,28,77,-5,74,3,75,2,75,-30,73,-28,68,23,75,26,69,-10,76,26,63,24,60,4,72,17,75,21,77,24,77,28,72,28,68,25,66,24,66,19,66,7,75,2,73,-3,71,-27,58,0,76
