7,-15,6,-16,7,-16,4,-17,5,-16,7,-15,7,-16,7,-16,7,-15,7,-15,5,-16,4,-16,2,-16,3,-17,5,-15,6,-15,4,-15,6,-16,4,-16,4,-16,5,-15,6,-15,5,-15,3,-16,2,-16,-7,-14,-9,-12,-9,-13,-10,-13,-9,-13,-11,-12,-11,-12,-10,-11,-9,-13,-10,-12,-9,-13,-8,-14,-9,-13,-9,-13,-9,-14,-8,-14,-9,-13,-9,-14,-8,-14,-10,-13,-10,-13,-10,-13,-9,-13,-8,-14,-8,-14,-10,-12,4,-16,7,-15,8,-15,6,-14,7,-15,6,-15,5,-15,7,-15,7,-14,7,-15,5,-15,6,-15,4,-15,5,-15,2,-16,2,-16,3,-16,4,-16,6,-16,4,-15,3,-15,4,-15,3,-15,3,-15,-7,-14,-6,-15,-7,-14,-6,-15,-6,-14,-8,-15,-8,-15,-8,-14,-8,-15,-6,-15,-6,-16,-6,-15,-8,-15,-7,-14,-8,-14,-6,-15,-8,-14,-7,-14,-7,-15,-6,-15
0,0,0,0,0,0,0,0,0,0,0,0,0,0,0,0,0,0,0,0,0,0,0,0,0,0,0,0,0,0,0,0,0,0,0,0,0,0,0,0,0,0,0,0,0,0,0,0,0,0,0,0,0,0,0,0,0,0,0,0,0,0,0,0,0,0,0,0,0,0,0,0,0,0,0,0,0,0,0,0,0,0,0,0,0,0,0,0,0,0,0,0,0,0,0,0,0,0,0,0,0,0,0,0,0,0,0,0,0,0,0,0,0,0,0,0,0,0,0,0,0,0,0,0,0,0,0,0,0,0,0,0,0,0,0,0,0,0,0,0,0,0,0,0,0,0,0,0,0,0,0,0,0,0,0,0,0,0,0,0,0,0,0,0,0,0,0,0,0,0,0,0,0,0,0,0,0,0,0,0,0,0,0,0,0,0,0,0,0,0
0,4,0,4,-1,4,8,8,6,8,2,6,2,7,6,7,3,6,1,6,3,5,5,6,6,6,6,6,4,6,-3,3,-5,2,-3,2,3,6,2,2,0,3,0,4,2,5,3,5,7,6,-2,3,3,3,1,2,0,2,1,2,0,2,0,1,2,1,1,3,0,1,-1,2,-1,3,-1,4,0,3,1,3,0,3,1,3,1,3,1,4,1,2,1,2,1,3,3,2,3,3,4,2,3,2,4,5,1,4,-5,2,-4,3,-3,2,-3,4,1,6,1,5,0,6,1,5,1,6,1,5,0,4,1,4,2,3,5,4,0,5,1,3,0,3,-1,3,3,4,1,3,0,3,3,6,2,3,3,3,1,4,1,4,2,4,1,3,0,5,2,3,1,3,2,3,0,3,1,3,0,3,2,4,3,3,3,2,4,3,5,3,5,3,4,3
-5,19,-5,19,-5,18,4,23,5,21,3,20,3,21,6,21,3,20,2,20,4,20,6,21,6,21,7,20,3,19,-12,13,-14,13,-12,14,2,19,3,17,-3,16,-3,17,1,18,4,19,7,19,1,16,3,17,4,14,2,16,2,16,2,16,2,16,3,16,3,16,2,15,1,14,2,15,0,15,2,15,2,15,2,14,3,15,4,15,3,16,3,16,2,15,3,15,4,16,3,15,5,14,4,15,5,20,3,20,-15,14,-15,15,-14,16,-14,18,1,18,-1,16,-3,16,-2,17,-2,18,-2,16,-7,16,2,19,1,18,6,19,-6,18,-2,16,-3,16,-1,16,9,18,1,16,-2,15,2,18,4,16,5,16,1,16,2,16,3,16,4,15,2,16,4,15,3,15,4,15,2,14,2,14,4,15,8,16,9,15,9,15,6,14,7,15,6,14,5,14
2,30,3,30,-4,28,-1,22,2,23,3,26,6,27,7,26,5,25,5,25,6,25,-3,24,1,24,2,23,-2,26,-4,23,-6,22,-5,24,4,28,6,26,4,26,-3,19,4,22,6,25,4,21,1,30,2,25,2,22,3,29,3,31,2,30,0,30,0,31,0,30,-3,22,-4,23,-4,22,-4,22,-4,22,-4,21,-3,21,-3,21,-3,22,-1,24,-3,24,-3,23,-3,22,-2,21,-2,21,-2,21,-2,22,-2,21,7,27,-8,27,-6,25,-5,25,-2,25,4,23,3,20,-3,21,2,23,0,21,0,22,-1,23,6,24,6,25,4,24,1,26,0,26,-2,26,0,24,4,27,0,25,0,24,-1,18,2,27,7,26,-6,20,-4,19,-3,20,-3,18,-3,20,-2,24,1,24,1,24,-2,21,-1,22,-2,20,-1,20,1,20,2,19,-1,19,0,20,0,19,-1,20
-4,4,-3,3,-5,3,-11,6,-9,2,-7,2,-8,2,-8,2,-6,3,-6,2,-7,2,-8,3,-9,4,-8,1,-6,3,-5,2,-6,2,-4,2,-5,3,-4,3,-3,3,-4,3,-5,3,-7,2,-8,3,5,3,2,4,3,3,2,3,4,3,2,2,3,1,2,2,3,4,1,2,3,2,4,3,5,2,4,4,2,3,3,3,3,4,4,4,3,5,3,3,1,2,3,3,1,4,1,4,0,2,1,3,3,4,-6,3,2,4,-1,4,0,3,-2,4,-7,3,-4,3,-5,3,-5,2,-5,3,-4,4,-4,3,-4,3,-5,3,-6,4,-5,4,-3,3,-3,3,-3,3,-3,3,-3,3,-3,3,-7,3,1,4,2,3,1,4,2,5,2,5,3,4,4,4,2,4,3,5,3,4,4,4,3,3,1,3,2,4,1,3,1,2,-2,2,-2,3,-1,1,-1,3
-5,18,-6,17,-7,16,-5,19,-15,11,-15,12,-15,12,-14,12,-13,13,-11,14,-11,14,-11,16,-14,15,-15,13,-14,14,-14,14,-15,14,-13,14,-11,15,-9,14,-8,15,-14,13,-14,13,-15,12,-16,13,4,19,9,21,8,17,6,18,8,18,5,18,5,18,7,20,7,19,4,16,6,16,7,16,10,17,7,18,7,18,6,16,8,18,8,18,7,18,6,18,1,18,3,18,1,19,1,18,1,17,4,18,1,17,-14,14,-2,17,-7,15,-5,15,-7,16,-13,12,-13,11,-14,12,-13,12,-13,14,-12,14,-10,15,-8,15,-7,15,-9,16,-10,16,-11,14,-9,14,-10,15,-9,15,-8,15,-7,15,-14,13,4,17,4,16,3,18,4,18,5,19,7,17,7,16,7,16,8,17,6,17,8,18,6,16,6,16,9,17,2,18,2,17,-1,16,-1,16,-1,15,0,16
-4,30,-2,27,-4,24,-3,24,-7,21,-8,22,-6,21,-6,22,-5,20,-6,23,-4,23,-4,24,-7,24,-8,22,-8,25,-6,22,-8,22,-7,23,-5,26,-5,25,-5,26,-6,17,-6,17,-7,16,-8,17,0,36,1,28,2,23,0,27,2,24,1,24,1,22,0,24,1,22,-3,24,-2,24,-2,23,-1,24,-1,24,-2,22,0,22,-1,23,-1,23,0,24,-3,24,-4,25,-3,23,-5,23,-4,22,-4,22,-4,24,6,21,-1,25,0,28,-1,22,0,23,0,23,-5,17,-5,16,-7,18,-6,21,-5,19,-4,20,-4,21,-2,24,-1,23,-3,25,-6,28,-5,25,-6,26,-4,25,-5,27,-5,26,-4,24,-7,17,0,24,4,27,-2,20,-1,20,0,21,-2,19,-1,20,0,21,1,22,1,23,0,23,-1,24,-1,22,-1,21,-4,20,-2,20,-4,21,-4,22,-3,22,-4,22
7,35,-7,32,-9,30,-16,28,-13,29,-12,29,-14,28,-10,30,-9,31,-11,30,-10,30,-11,29,-11,30,-7,31,-9,30,-10,30,-11,30,-11,29,-9,30,-7,29,-8,30,-8,31,-7,32,-6,32,-5,32,3,26,1,28,1,26,0,28,2,29,-1,30,0,30,0,30,-1,28,-2,30,0,29,0,29,2,28,2,28,2,27,2,25,2,26,0,28,0,27,-1,29,0,29,0,30,1,29,2,29,4,28,0,30,-11,27,-10,27,-8,28,-9,29,-8,28,-9,29,-10,31,-10,31,-9,31,-10,30,-9,32,-7,31,-8,31,-8,31,-8,31,-5,31,-11,31,-4,32,-5,31,-5,32,-5,31,-4,31,-5,31,-7,30,0,28,1,27,1,30,2,30,2,31,1,29,1,30,0,29,-1,28,1,30,1,29,1,30,0,31,1,32,0,33,0,31,0,29,-1,30,11,28,0,30
17,52,-5,51,-5,51,-17,50,-4,46,-4,47,-20,50,7,44,-4,48,-14,51,-7,48,-8,49,-8,50,-6,49,-4,49,-4,49,-5,50,-4,49,-3,49,-1,48,-2,50,-9,50,-12,51,-6,48,-12,51,2,44,-9,48,-8,46,-8,47,-7,48,-7,49,-7,50,-8,50,-9,49,-10,49,-8,48,-6,50,-7,50,-6,51,-8,49,-5,47,-4,48,-5,47,-7,48,-10,50,-9,50,-7,48,-8,48,-7,48,-5,48,-5,50,-5,48,-4,49,-4,49,-4,50,-3,50,-3,51,-1,47,0,48,-2,49,-14,51,-12,53,-3,49,-3,49,-3,52,-2,51,0,51,-13,51,0,51,0,51,0,51,0,51,1,50,0,50,-4,47,-9,47,-7,47,-6,51,-6,50,3,50,-5,49,1,49,-1,49,-4,49,-3,51,-5,50,-5,50,-6,50,-2,52,-9,51,-7,51,-7,51,-7,53,14,48,-9,53
20,64,-9,69,-12,69,-27,65,-12,66,5,66,8,66,9,65,-6,67,-28,56,-12,65,-16,66,-21,65,-21,65,-12,68,-7,70,-4,70,-3,70,-5,69,-7,67,-9,67,-22,66,-25,67,-3,66,-28,64,18,58,3,64,0,63,-5,65,-8,67,-12,67,-12,68,-11,70,-9,68,-6,67,-3,66,2,66,7,67,3,69,-5,70,-9,71,-11,71,-12,71,-11,70,-9,70,-3,70,2,69,3,67,8,71,12,71,12,70,-10,69,-6,71,-3,70,-5,71,-6,69,-10,70,-10,66,-4,68,-1,70,-28,62,-27,61,-3,69,-7,69,-21,63,-15,66,-12,69,-24,68,0,72,3,72,2,72,0,71,-2,70,-6,68,-20,67,-6,66,-9,65,6,68,0,68,13,67,-9,72,18,67,18,64,17,61,17,60,15,59,11,61,6,64,4,67,-1,69,-5,72,-10,72,-13,72,-13,70,-12,71
1,35,-9,31,-11,29,-12,28,-15,28,-15,28,-14,28,-13,29,-13,30,-11,30,-14,29,-14,29,-15,29,-15,29,-14,29,-14,29,-14,29,-10,29,-12,30,-12,29,-10,29,-9,30,-9,31,-11,30,-11,30,8,26,5,27,6,26,6,29,9,29,5,30,5,30,6,30,4,28,3,30,4,29,5,29,9,28,6,28,6,27,6,25,6,26,5,28,5,27,2,29,3,29,3,30,4,29,4,29,5,28,4,30,-12,27,-12,27,-7,28,-8,28,-7,28,-8,28,-14,31,-11,30,-13,31,-9,30,-9,32,-9,30,-10,30,-10,31,-11,30,-12,30,-8,31,-10,31,-10,30,-9,31,-10,31,-10,30,-9,30,-10,29,4,29,5,27,3,30,3,30,3,31,3,29,2,30,0,29,1,28,1,30,2,30,2,30,1,31,1,33,2,33,2,31,0,29,0,30,0,30,0,30
-4,50,-7,50,-8,49,-5,46,-18,49,-20,50,-6,47,-6,47,-15,51,-5,48,-8,47,-8,49,-12,49,-16,49,-16,49,-18,49,-18,49,-16,49,-14,50,-11,49,-7,48,-3,47,-4,48,-8,47,-6,48,-1,46,-6,48,0,47,3,49,8,49,7,49,5,51,5,52,2,52,-2,51,-6,49,5,49,-6,50,-4,51,2,48,3,48,2,49,6,48,7,46,-8,49,-9,50,-8,49,6,48,-5,49,-4,49,9,50,-14,47,-14,48,-5,49,-5,49,-7,49,-7,50,-16,52,-15,51,-16,52,-3,48,-2,50,-6,50,-4,49,-3,51,-6,51,-11,51,0,50,-14,51,-13,50,-13,51,-11,51,-10,50,-8,50,-9,48,4,50,7,48,-7,51,-7,50,-6,51,3,49,-5,51,-6,51,-6,49,-7,51,-7,50,-6,51,-6,51,-7,51,2,55,4,53,3,54,3,56,2,55,0,56
-7,69,-9,69,-11,67,-17,64,-12,67,-7,66,-5,66,-4,66,-6,68,-9,66,-12,64,-15,65,-19,63,-25,66,-27,66,-28,65,-30,62,-3,69,-28,56,-26,55,-25,56,-8,67,-5,67,-3,65,-4,65,-9,66,3,65,7,65,11,66,15,67,17,67,20,67,20,66,19,63,17,63,14,62,12,64,6,67,11,69,14,66,17,65,19,66,19,63,18,61,15,60,-3,70,15,64,6,70,-2,68,12,71,19,69,-10,69,-25,65,-4,69,-5,70,-6,68,-25,59,-28,69,-4,68,-28,64,0,69,-1,70,-3,68,-26,62,-11,69,-14,66,-20,68,-6,70,-25,67,-25,63,-27,61,-25,58,-26,58,-26,59,-10,66,11,67,15,65,7,69,0,68,-4,72,14,65,-11,72,-11,72,-9,73,-5,72,-2,71,1,70,5,70,9,71,13,73,17,73,19,74,20,73,21,69,20,67
