-6,-15,-6,-15,-6,-15,-6,-15,-6,-15,-6,-15,-6,-15,-6,-15,-7,-15,-7,-15,-6,-16,-6,-15,-6,-15,-6,-15,-6,-15,-8,-15,-7,-15,-8,-15,-7,-16,-8,-14,-7,-16,6,-15,5,-16,6,-15,7,-16,6,-16,7,-15,6,-15,5,-15,5,-16,5,-16,5,-16,5,-16,6,-16,6,-15,7,-15,5,-15,6,-15,5,-16,6,-15,5,-15,5,-16,5,-17,6,-16,6,-15,5,-16,-8,-16,-7,-16,-6,-16,-7,-17,-6,-16,-5,-17,-6,-16,-5,-16,-4,-17,-5,-16,-6,-17,-6,-16,-5,-16,-5,-17,-5,-16,-6,-16,-4,-17,-6,-16,-6,-16,-6,-16,-6,-16,-6,-17,-7,-16,-6,-16,-7,-16,6,-15,5,-15,6,-15,4,-16,6,-15,6,-15,5,-16,6,-15,5,-15,5,-16,5,-16,5,-16,6,-15,5,-16,5,-15,6,-15,6,-15,5,-16,6,-16,5,-15,6,-15,5,-15,5,-15,5,-15,5,-15,5,-15,3,-15,3,-15,4,-16,5,-15,3,-14,3,-15,8,10
0,0,0,0,0,0,0,0,0,0,0,0,0,0,0,0,0,0,0,0,0,0,0,0,0,0,0,0,0,0,0,0,0,0,0,0,0,0,0,0,0,0,0,0,0,0,0,0,0,0,0,0,0,0,0,0,0,0,0,0,0,0,0,0,0,0,0,0,0,0,0,0,0,0,0,0,0,0,0,0,0,0,0,0,0,0,0,0,0,0,0,0,0,0,0,0,0,0,0,0,0,0,0,0,0,0,0,0,0,0,0,0,0,0,0,0,0,0,0,0,0,0,0,0,0,0,0,0,0,0,0,0,0,0,0,0,0,0,0,0,0,0,0,0,0,0,0,0,0,0,0,0,0,0,0,0,0,0,0,0,0,0,0,0,0,0,0,0,0,0,0,0,0,0,0,0,0,0,0,0,0,0,0,0,0,0,0,0,0,0,0,0,0,0,0,0,0,0,0,0,0,0,0,0,0,0,0,0
-1,6,-1,5,1,4,1,5,1,5,2,4,0,4,2,5,2,4,4,4,0,4,0,5,0,3,0,4,-1,4,-2,4,-1,5,-1,4,0,5,3,5,-3,4,-9,6,-9,4,-9,6,-8,7,-8,7,-6,6,-2,7,-1,5,-1,4,-1,3,-1,2,2,3,0,2,2,5,2,3,0,4,0,3,-1,3,-2,4,-3,4,-3,4,-3,3,-2,3,-1,3,-2,4,-3,4,-2,6,1,5,-3,5,-1,5,1,5,2,6,1,6,1,5,0,6,-1,6,-1,6,-1,6,-1,6,0,4,0,4,0,6,-1,5,0,5,1,4,0,5,1,5,1,5,1,5,-1,5,-7,7,-5,7,-4,6,-2,5,-2,5,-1,4,0,5,0,4,-1,4,-1,4,-2,5,-3,4,-3,4,-5,4,-5,5,-3,4,-3,4,-5,4,-3,4,-3,5,-1,5,-2,5,-1,4,1,3,3,5,3,3,4,4,5,3,5,4,5,4,4,2,3,1,-2,-1
2,20,2,18,4,18,3,18,3,19,3,19,3,18,5,18,4,18,5,18,2,17,2,18,4,16,4,18,2,17,1,17,2,17,1,17,3,19,3,20,7,17,-16,21,-16,20,-15,23,-13,23,-11,25,-9,25,-7,24,-6,22,-4,22,-4,20,-3,20,-2,19,-5,18,-3,21,-2,21,-4,21,-5,21,-6,21,-7,20,-8,20,-9,20,-9,19,-9,19,-8,20,-8,22,0,21,1,21,4,21,0,21,2,22,2,21,5,22,3,21,4,20,3,21,1,22,1,21,1,21,2,20,3,20,3,19,4,20,1,20,2,20,3,19,1,19,2,21,3,22,4,21,3,21,-7,24,-6,23,-5,22,-6,21,-4,21,-4,21,-5,20,-4,20,-4,21,-4,21,-5,22,-6,20,-6,21,-9,19,-10,20,-9,20,-9,20,-10,19,-9,19,-9,21,-5,23,-4,22,-3,21,-2,21,-1,21,1,20,0,21,1,20,2,20,2,19,7,5,-1,21,-6,24
-4,27,-4,26,-2,26,-3,25,-3,27,-2,27,-3,27,-3,26,-3,26,-2,26,-4,25,-5,24,-4,23,-4,23,-5,23,-6,24,-5,24,-6,25,-5,26,-6,25,-4,22,-2,30,-1,29,-1,31,0,30,2,30,4,29,4,29,5,27,5,27,5,26,5,26,5,26,3,26,5,27,5,28,4,28,4,28,3,28,2,28,2,28,2,28,2,28,3,29,3,29,4,30,-8,28,-7,28,-6,27,-9,25,-7,25,-7,25,-6,27,-6,27,-5,28,-6,29,-7,30,-7,30,-7,29,-7,27,-7,26,-7,26,-5,25,-7,26,-7,28,-7,28,-7,28,-7,29,-7,28,-5,27,-6,25,6,27,5,29,6,27,5,26,8,27,8,27,6,26,6,26,5,27,7,27,6,27,4,27,4,27,1,26,1,28,3,28,2,29,3,28,3,28,2,29,4,30,5,29,5,28,6,26,6,26,6,25,7,25,8,24,8,24,9,24,3,27,6,26,-6,26
6,5,5,4,3,4,3,4,2,5,2,5,3,4,3,5,3,4,3,4,5,3,3,4,3,2,4,3,3,3,3,3,6,4,5,4,4,5,3,6,6,4,6,6,5,4,4,5,4,4,2,4,0,5,-4,6,-3,5,-1,4,-1,3,-2,3,-3,3,-4,3,-5,5,-5,5,-2,4,-2,3,-2,3,-2,3,-2,3,0,3,0,2,-1,3,-1,3,-2,3,6,5,8,7,5,6,5,5,4,6,2,5,1,6,3,6,4,4,4,6,4,5,4,6,4,5,4,5,3,4,2,4,4,5,3,5,4,6,3,4,4,5,4,5,3,6,6,6,7,5,3,5,1,6,0,4,-3,5,-2,5,-1,4,-4,4,-3,4,-3,4,-3,4,-1,4,-1,3,0,4,0,3,-1,4,1,3,1,4,1,4,0,3,-3,4,-3,4,-3,4,-4,4,-4,4,-6,5,-5,4,-6,4,-5,3,-6,4,-7,4,-7,5,-6,4,-4,0
10,22,8,21,6,20,5,20,4,21,4,21,4,20,5,20,4,20,6,19,9,18,10,19,10,17,11,17,11,17,10,19,9,19,8,21,8,20,4,23,-1,23,2,17,2,15,2,17,2,17,1,17,-4,21,-6,21,-6,19,-3,18,-5,18,-4,17,-6,16,-7,16,-8,18,-5,19,-5,18,-2,17,-2,16,-3,17,-3,17,-1,15,3,12,-3,17,-3,17,-2,15,8,27,8,26,8,25,6,24,4,24,4,23,4,24,5,24,6,22,6,24,5,24,6,25,8,24,10,24,10,22,11,22,11,21,10,22,10,23,9,23,9,24,8,25,4,25,3,26,0,25,3,19,0,20,-1,19,-4,19,-3,19,-2,18,-5,18,-4,17,-4,17,-4,18,-2,18,-1,17,0,17,-2,17,-3,18,-1,16,-1,16,-1,16,-1,15,-5,18,-3,18,-4,18,-5,18,-7,17,-11,17,-12,17,-12,17,-12,17,-11,16,-11,17,-9,20,-7,22,-5,16
-4,29,-4,28,-5,27,-4,28,-4,29,-5,29,-5,29,-4,29,-5,28,-4,28,-3,26,-4,27,-2,27,-1,26,-2,27,-5,26,-5,26,-6,27,10,34,-8,27,-8,23,5,27,6,24,5,26,6,26,5,27,3,27,2,27,2,26,3,26,3,24,2,24,2,25,0,25,0,25,2,26,3,25,6,22,5,21,6,22,6,22,6,22,6,22,5,23,6,22,5,22,-8,31,-8,31,-9,29,-10,27,-10,26,-8,27,-8,29,-7,30,-6,30,-7,32,-7,33,-7,33,-6,32,-5,30,-5,30,-5,30,-3,31,-5,31,-5,32,-6,31,-7,31,-6,32,-9,31,-9,29,-10,26,6,27,5,27,4,25,3,25,5,25,5,25,2,25,3,25,2,25,4,25,6,24,6,22,8,22,7,21,6,22,7,22,7,23,5,24,6,23,3,25,3,27,2,26,1,26,1,24,-1,23,-1,22,-3,21,-2,20,-1,21,-1,20,-1,26,2,27,-5,25
2,32,2,31,2,31,1,33,2,34,1,34,0,33,0,31,0,33,4,31,4,31,6,31,5,30,5,32,4,31,3,31,3,31,3,30,4,32,4,32,2,33,-6,36,-6,34,-7,35,-6,34,-6,34,-5,35,-6,36,-7,34,-7,34,-6,34,-6,34,-5,35,-4,33,-4,34,-3,34,-4,34,-4,33,-3,34,-3,36,-3,36,-2,35,-1,36,0,36,0,34,-2,33,1,36,1,36,1,36,0,37,0,38,0,38,0,39,1,36,0,37,-2,38,-1,36,1,35,2,35,5,34,4,34,4,34,5,35,2,34,1,36,3,35,2,34,3,34,1,36,3,34,2,36,-3,34,-3,34,-4,34,-5,33,-3,35,-3,34,-3,32,-2,34,-2,33,-3,34,-3,33,-3,32,-1,35,-2,36,-2,38,-1,37,0,37,-2,34,0,35,-2,34,-3,32,-3,32,-3,34,-3,34,-5,33,-5,31,-5,33,-5,32,-3,32,-2,31,2,30,2,26,-23,25
-5,50,-6,50,-5,51,-4,52,-2,53,-3,53,-4,52,-5,51,-5,52,-2,53,0,53,6,52,8,51,13,54,12,51,12,51,12,52,9,53,7,53,2,53,-1,53,3,58,5,57,6,57,4,54,4,56,1,56,-4,59,-6,54,-9,56,-11,57,-13,57,-10,55,-10,55,-7,56,-3,57,-1,55,2,55,3,55,4,56,3,56,3,55,4,55,5,55,6,54,6,51,-3,58,-5,59,-7,59,-8,58,-7,59,-5,58,-5,60,-4,59,-5,60,-7,59,-7,57,-6,57,-4,60,4,57,7,58,9,59,12,59,11,58,11,57,10,58,7,56,5,57,1,56,3,57,-2,56,4,54,0,55,-1,52,-5,53,-5,55,-6,55,-5,53,-3,55,-2,55,1,55,3,54,3,53,6,54,5,55,5,57,5,57,5,57,4,55,6,54,6,53,6,51,4,52,1,53,0,53,-5,53,-6,52,-8,54,-8,53,-6,53,-4,52,1,53,4,50,-23,46
8,66,4,68,-1,71,-5,73,-9,74,-9,74,-7,74,-4,72,0,72,5,72,10,72,16,71,18,73,22,75,24,74,28,70,30,68,27,62,27,62,22,62,15,68,9,81,8,79,6,78,3,77,-3,77,-7,77,-12,78,-17,79,-22,80,-25,78,-28,78,-29,76,-29,71,-27,67,-24,68,-19,69,-11,73,-11,74,-5,77,1,78,6,77,8,75,10,74,8,74,4,72,18,67,12,71,11,72,4,76,0,81,-5,82,-10,84,-10,82,-9,82,-5,82,-2,80,2,80,7,79,13,78,16,81,18,82,23,82,24,81,27,79,27,75,27,70,27,69,22,69,19,70,16,73,-2,74,-7,75,-10,75,-15,75,-17,75,-21,76,-22,71,-23,70,-22,67,-19,66,-2,72,-10,69,-6,74,-2,76,4,78,9,76,11,76,9,75,8,74,4,73,1,72,-3,72,-6,72,-9,73,-13,74,-15,74,-18,74,-20,73,-21,71,-22,68,-16,65,-11,66,-5,64
8,32,9,30,9,32,9,33,7,34,5,34,5,32,5,31,3,33,5,32,7,31,6,32,6,31,6,33,5,32,4,31,3,32,3,31,3,32,3,32,4,33,-2,35,-3,34,-3,35,-3,33,-4,33,-4,35,-3,36,-2,34,-2,34,-2,34,-2,34,-1,35,0,33,-1,34,-1,34,-5,33,-5,33,-7,33,-6,36,-6,36,-6,34,-5,35,-5,35,-5,33,-5,32,4,37,5,37,5,37,6,37,8,39,8,39,6,40,4,36,5,38,4,38,3,37,3,36,5,35,5,35,5,35,4,35,5,36,3,35,3,36,1,36,2,35,3,35,1,37,4,35,4,36,4,33,3,34,3,34,1,33,3,35,2,34,2,32,3,33,2,33,1,33,-3,33,-3,31,-3,35,-4,35,-3,37,-3,36,-2,36,-4,33,-3,35,-5,34,-4,32,-5,32,-5,33,-6,33,-3,33,-3,31,-5,33,-4,31,-2,31,-3,30,-3,31,-5,27,-14,24
6,53,9,52,12,54,13,54,14,56,14,55,13,55,10,56,6,56,3,55,1,53,-2,55,-2,54,0,55,0,55,-2,55,-3,56,-6,54,-5,54,-3,56,5,55,-11,55,-9,53,-6,54,-2,54,1,54,0,54,4,55,3,54,2,55,1,55,1,54,2,55,3,54,4,53,5,54,-1,53,-2,53,-6,53,-9,55,-11,55,-11,54,-13,54,-12,52,-10,51,-9,51,-4,59,-2,61,1,61,5,61,9,63,12,62,12,64,13,63,11,62,7,63,3,62,-2,60,-2,59,-5,59,-5,60,-4,61,-1,61,-2,62,-3,62,-3,59,-5,58,-4,59,-4,60,0,60,4,59,9,52,9,53,8,53,6,53,6,54,6,54,5,52,6,53,6,53,5,53,2,52,0,51,-2,52,-7,54,-9,55,-9,54,-9,54,-9,52,-6,52,-4,52,-2,51,-1,51,0,51,-2,52,2,52,1,52,-1,52,0,52,0,51,2,51,1,51,-2,49,-14,45
13,73,17,74,20,76,23,76,25,77,27,76,29,73,28,67,27,67,24,65,19,67,14,74,10,75,2,78,-4,78,-9,76,-8,77,-4,77,1,75,6,75,14,76,9,79,-26,70,-26,67,-23,64,-19,64,-14,66,-11,72,-6,75,-1,77,3,76,6,75,7,75,6,75,3,74,-1,74,-6,73,-15,69,-15,74,-16,75,-21,75,-23,75,-26,72,-26,69,-28,67,-27,63,-1,84,3,83,8,85,12,83,16,87,22,86,24,87,25,86,29,83,27,80,25,75,21,74,14,76,11,80,8,81,-1,84,-4,85,-9,83,-9,83,-7,81,-3,81,2,80,4,79,9,79,14,80,-6,64,0,71,2,73,5,73,9,73,11,74,10,73,9,74,5,72,1,72,-15,67,-6,70,-10,73,-13,73,-16,75,-19,74,-21,73,-24,69,-24,67,-23,64,-20,63,-18,64,-14,64,-12,67,-5,73,-1,73,1,73,4,71,4,71,3,71,-1,70,-10,66,4,-9
