8,-16,7,-15,6,-15,8,-15,6,-15,5,-16,4,-15,2,-15,5,-11,5,-16,5,-15,5,-16,2,-15,-3,-14,-5,-14,-7,-13,-4,-15,-4,-15,-5,-15,-5,-15,-4,-16,-4,-14,-5,-15,-4,-15,-6,-14,-3,-15,-3,-14,-4,-15,-4,-15,-4,-15,-3,-14,-4,-15,4,0,-18,-7,-21,15,-16,-3,-9,-2,6,-15,6,-16,4,-15,5,-15,6,-16,4,-16,5,-15,-3,-15,-1,-15,-4,-16,-3,-15,-4,-15,-5,-14,-5,-15,-5,-15,-5,-14,-5,-15,-5,-15,-5,-14,-4,-15,-4,-14,-5,-15,-4,-15,-5,-14,-4,-15,-3,-16,-4,-15,-3,-15,-3,-15,-3,-15,-3,-15,-3,-16,-4,-16,-3,-15,-3,-16
0,0,0,0,0,0,0,0,0,0,0,0,0,0,0,0,0,0,0,0,0,0,0,0,0,0,0,0,0,0,0,0,0,0,0,0,0,0,0,0,0,0,0,0,0,0,0,0,0,0,0,0,0,0,0,0,0,0,0,0,0,0,0,0,0,0,0,0,0,0,0,0,0,0,0,0,0,0,0,0,0,0,0,0,0,0,0,0,0,0,0,0,0,0,0,0,0,0,0,0,0,0,0,0,0,0,0,0,0,0,0,0,0,0,0,0,0,0,0,0,0,0,0,0,0,0,0,0,0,0,0,0,0,0,0,0,0,0,0,0,0,0,0,0
-2,2,-2,1,-3,3,-3,4,-2,4,-2,5,-1,4,-1,4,1,-6,-2,3,-2,4,-2,4,0,3,0,2,1,3,1,2,1,4,1,3,0,4,0,3,0,3,0,4,0,3,0,2,1,3,3,5,4,4,3,5,3,4,3,4,4,5,3,4,-10,-5,0,12,2,0,-10,0,-2,1,-3,3,-1,6,0,4,-1,5,-2,4,-3,3,-1,3,0,3,0,4,0,3,1,4,1,2,2,4,2,4,4,5,4,5,3,4,4,4,4,5,4,4,4,6,3,4,2,4,1,3,1,3,1,3,2,4,0,3,0,3,1,4,2,5,4,4,4,4,5,5,4,4
-13,16,-14,15,-13,18,-12,19,-9,21,1,16,1,17,-1,18,1,8,-11,16,-11,16,-10,15,1,16,1,14,5,15,2,13,5,16,6,13,6,15,4,15,2,15,-1,14,2,14,1,15,2,16,7,17,9,17,9,17,9,16,9,15,6,19,3,16,-7,20,3,24,-3,25,-7,20,7,19,-13,18,-1,17,3,16,-9,16,-11,16,-10,16,-8,17,0,15,-3,15,-3,15,2,15,1,16,3,16,3,15,9,16,9,16,8,15,9,15,9,16,8,16,5,17,2,15,2,15,2,14,4,15,4,13,4,15,4,15,2,15,2,17,3,18,7,17,10,17,10,18,10,17
-10,33,-9,30,-2,22,1,21,3,21,1,17,-4,22,-5,26,-2,16,-1,19,-2,20,-1,19,2,29,3,24,1,26,-4,17,-5,16,-4,15,-5,15,-5,15,-5,14,-5,15,-7,15,-7,17,-6,18,0,21,1,17,0,17,0,17,0,18,-1,24,0,23,-3,37,-18,29,14,33,0,39,5,30,0,23,4,15,0,13,3,17,2,16,2,18,3,18,-3,14,-4,14,-4,14,-5,17,-7,19,-2,22,0,25,2,21,2,18,0,17,1,17,1,18,1,18,-2,21,-4,17,-6,15,-6,15,-6,15,-5,14,-6,15,-5,16,-6,19,-4,22,-6,23,-3,21,0,19,0,19,0,18
-1,2,-1,2,0,3,0,3,-2,4,-4,4,-3,4,-2,5,2,-5,-1,2,-1,4,-1,3,2,3,1,3,0,3,1,2,1,3,2,3,0,3,1,3,2,3,2,3,1,3,1,2,2,4,1,5,1,5,-1,4,0,3,-1,3,2,5,3,4,-26,9,-16,8,-14,14,-12,2,-6,1,3,3,-4,4,-4,5,0,4,1,3,0,3,0,3,2,3,3,3,2,2,2,4,1,2,2,3,2,4,3,5,2,4,2,4,2,4,0,5,0,4,3,6,3,5,2,4,2,3,1,3,2,3,3,4,2,2,2,3,2,4,1,6,1,4,-1,3,-2,3,-4,3
-4,15,-5,15,-5,16,-2,15,-7,18,-10,15,-4,15,-3,19,1,9,-3,13,-2,15,-4,13,6,16,2,16,4,15,4,15,7,17,10,14,8,16,7,15,8,14,8,16,6,16,2,18,3,17,3,17,2,16,0,12,1,15,-1,14,2,21,1,21,-14,22,-19,32,-5,27,-14,25,-19,16,-2,14,-7,15,-7,15,-5,15,-1,13,0,14,-2,14,13,15,14,14,9,14,7,18,4,18,5,17,6,19,4,16,2,15,2,14,1,14,-2,16,-2,15,2,19,2,17,3,18,4,16,6,16,8,16,8,17,8,16,6,17,3,19,1,20,2,20,-5,17,-7,16,-9,16
3,15,-5,23,0,20,3,20,2,20,-5,17,-5,17,-5,23,1,12,5,12,6,12,2,13,9,19,6,19,5,18,-1,18,-5,18,-3,17,-5,17,-5,16,-3,15,-2,18,-6,17,-7,20,-8,20,0,20,1,16,0,16,-1,16,-1,17,-1,23,6,23,-21,54,-8,56,-4,58,-12,54,-7,30,1,20,-1,14,-3,14,3,15,3,14,4,17,3,16,-1,15,3,17,-1,15,-3,18,-6,20,0,21,4,32,2,18,1,16,0,15,1,15,0,16,-1,18,-1,20,-6,18,-6,16,-5,16,-4,18,-2,18,-3,19,-3,18,-4,21,-5,24,-8,24,-8,22,-4,18,-1,18,-3,17
-9,31,-9,27,-11,32,-10,28,-11,31,-10,31,-10,32,-10,34,-5,23,-7,29,-8,31,-5,32,4,25,2,26,0,27,-1,26,4,26,4,29,1,30,0,31,-1,30,0,30,-1,28,0,27,0,27,2,30,0,30,-1,30,-1,31,0,32,1,30,13,28,3,41,22,34,19,33,2,47,4,36,-10,27,-10,30,-8,30,-6,31,-5,29,-6,29,-5,28,2,32,3,29,1,27,1,27,-1,28,0,29,0,28,0,31,3,32,2,29,2,30,1,30,2,29,3,30,3,29,4,29,4,31,3,31,3,31,2,31,3,31,2,30,1,30,1,29,2,28,1,30,0,31,0,32
-6,52,-6,52,-6,52,-5,51,-7,50,-15,50,-15,51,-13,52,-3,42,1,49,0,50,-1,50,-3,44,-5,45,-5,47,-6,46,0,46,4,46,5,48,6,47,5,45,2,47,-2,46,-3,47,-4,47,-6,48,-7,48,-8,48,-7,49,-7,50,-8,48,-5,45,3,43,-19,35,-18,38,-29,33,-10,30,-5,51,-15,49,-14,50,0,50,-1,48,-2,49,-1,48,6,48,3,47,-1,45,-3,47,-8,48,-7,49,-8,48,-7,50,8,51,6,50,-5,50,-7,49,-7,47,-4,50,-3,49,0,49,2,48,5,50,5,48,4,49,2,49,0,49,-3,49,-6,49,-6,48,-9,49,-9,50,-8,50
-5,73,-6,74,-9,73,-11,70,-15,70,-28,65,-29,63,-29,61,-2,61,-11,69,-4,70,0,71,6,57,0,62,-9,65,-6,65,8,64,11,64,13,66,16,64,19,63,19,61,16,58,13,57,10,58,5,65,0,64,-4,68,-11,68,-13,66,1,65,4,67,10,64,9,49,11,54,-4,54,3,53,-7,70,-28,63,-28,62,0,70,2,69,0,70,-3,68,17,65,18,63,15,56,-3,67,4,59,3,62,2,67,-7,70,18,70,20,68,-11,70,-8,69,-3,67,1,69,5,67,8,69,11,69,14,70,17,68,19,66,20,63,18,61,15,60,11,61,5,66,1,67,-5,70,-9,68
-10,29,-8,26,-9,31,-8,28,-9,31,-7,32,-7,32,-7,34,-5,23,-9,28,-8,30,-10,31,9,24,7,25,0,28,1,26,4,27,2,29,1,31,-1,32,-1,31,1,30,-2,28,0,28,0,27,1,30,1,30,0,31,0,31,-1,32,-1,29,0,27,-5,40,12,34,13,35,-1,42,-8,36,-8,27,-7,30,-6,31,-8,30,-7,28,-7,28,-7,27,1,32,3,29,2,27,4,27,2,28,4,29,3,29,2,31,0,32,-1,30,1,30,1,31,2,30,2,30,3,29,3,29,1,31,0,31,1,31,0,32,0,31,0,30,0,30,1,29,2,28,1,30,0,31,-2,31
-13,48,-11,48,-7,51,-7,49,-7,49,-3,50,-5,51,-5,53,-2,41,-11,49,-14,51,-14,49,8,44,7,44,6,48,2,48,-5,48,-5,49,-5,50,-5,50,-5,49,-6,50,-8,48,-8,49,-6,48,-5,49,-1,50,-1,50,2,52,2,52,-11,50,-10,44,-29,34,-18,35,-16,40,-27,38,-22,38,-8,49,-4,49,-4,51,-16,50,-15,47,-12,47,-9,46,-2,50,-1,48,-4,47,-3,47,-2,50,2,49,3,49,7,52,7,52,6,50,5,51,2,53,-4,48,-5,50,-6,51,-7,51,-8,51,-7,51,-6,52,-6,52,-6,50,-8,50,-8,51,-8,50,-7,49,-5,50,-3,53,-2,53
-22,53,-25,55,-9,71,-24,54,-24,57,0,72,0,72,-2,72,-2,60,-21,69,-24,69,-25,67,13,63,14,63,21,60,20,59,8,65,3,67,-3,70,-8,69,-10,68,-10,72,-9,69,-5,68,-1,68,3,69,7,70,9,71,12,71,15,70,1,64,-5,67,-21,55,-7,57,-4,59,-11,55,-7,53,-26,57,-3,71,-1,71,-26,65,-26,62,-24,55,-26,54,-7,68,-8,71,-7,69,-3,68,3,68,8,70,11,69,15,71,18,71,21,68,22,66,20,64,18,62,15,64,8,66,4,70,-2,73,-8,74,-11,74,-12,73,-10,72,-8,70,-6,69,-3,69,2,70,5,71,7,73,10,73
