-7,-15,-6,-16,-6,-16,-7,-15,-6,-15,-5,-14,-5,-15,-6,-14,-5,-15,-6,-16,-6,-15,-6,-15,-6,-16,-5,-14,-5,-15,-6,-14,-5,-15,-6,-15,-6,-16,-7,-15,-6,-15,-7,-14,-7,-15,-6,-15,-6,-16,-6,-16,-6,-14,3,-16,2,-16,3,-16,4,-12,4,-14,5,-15,5,-16,5,-15,5,-16,5,-13,4,-14,3,-14,5,-14,6,-16,8,-15,7,-14,6,-15,6,-15,6,-15,6,-14,-6,-15,-5,-17,-5,-16,-5,-15,-4,-16,-5,-15,-5,-16,-5,-16,-5,-15,-5,-15,-4,-16,-5,-15,-5,-16,-4,-15,-5,-16,-6,-15,-5,-16,-6,-15,-6,-15,-5,-15,-5,-16,-5,-15,-5,-15,-5,-16,-6,-16,-5,-15,-5,-15,-6,-16,-5,-15,5,-15,4,-16,5,-17,5,-16,6,-13,5,-14,5,-15,5,-15,5,-15,7,-14,5,-16,5,-15,6,-14,5,-15,5,-16
0,0,0,0,0,0,0,0,0,0,0,0,0,0,0,0,0,0,0,0,0,0,0,0,0,0,0,0,0,0,0,0,0,0,0,0,0,0,0,0,0,0,0,0,0,0,0,0,0,0,0,0,0,0,0,0,0,0,0,0,0,0,0,0,0,0,0,0,0,0,0,0,0,0,0,0,0,0,0,0,0,0,0,0,0,0,0,0,0,0,0,0,0,0,0,0,0,0,0,0,0,0,0,0,0,0,0,0,0,0,0,0,0,0,0,0,0,0,0,0,0,0,0,0,0,0,0,0,0,0,0,0,0,0,0,0,0,0,0,0,0,0,0,0,0,0,0,0,0,0,0,0,0,0,0,0,0,0,0,0,0,0,0,0,0,0,0,0,0,0,0,0,0,0,0,0,0,0,0,0,0,0
3,3,3,3,3,2,3,2,-1,3,-1,3,-1,4,1,4,3,3,-2,3,0,4,2,4,-1,3,1,3,2,3,1,3,1,4,3,3,1,3,5,2,6,1,6,2,5,2,5,1,-3,2,5,1,5,3,-1,5,-2,4,-1,4,-1,4,-3,3,-1,4,2,5,-3,4,-3,4,-2,4,-3,3,1,4,1,4,-1,5,1,5,1,5,1,5,1,4,0,4,-2,5,4,3,-2,3,3,3,2,4,0,4,1,4,1,4,-2,3,-1,3,0,4,1,2,1,2,-1,3,-1,4,1,4,1,3,3,3,4,3,3,3,5,3,6,2,6,1,5,2,-1,4,2,3,2,4,2,3,0,3,0,4,-3,4,1,4,1,2,1,3,3,3,2,4,1,5,0,4,2,5,0,3,2,4,2,4,1,4,-1,5,-2,4
6,14,6,15,9,11,8,12,0,14,2,14,1,15,2,16,2,14,0,14,1,13,3,14,-2,11,1,13,6,14,3,15,2,16,6,14,9,11,11,11,12,11,13,12,12,12,12,12,0,13,11,11,10,12,-2,18,-3,17,-3,17,-3,16,-5,16,-12,15,2,17,-11,17,-11,17,-9,17,-7,16,-1,15,-4,17,-3,18,-2,19,-1,19,0,19,-2,17,-3,16,-5,17,7,13,0,12,7,13,4,15,1,16,1,15,0,15,-2,14,-2,13,-1,14,0,11,0,12,1,14,0,15,4,16,1,14,4,14,8,13,10,12,11,13,12,12,12,12,11,12,10,12,1,14,2,15,2,14,1,13,2,14,-5,17,-2,16,1,13,-11,14,2,15,2,15,-1,17,-3,18,-1,19,0,17,-1,17,-2,15,-3,16,-7,18,-10,15
-5,16,-4,16,1,17,0,18,-5,18,-4,19,-4,20,-5,22,-1,23,-7,16,-8,14,-7,13,-8,13,-6,15,-3,18,-5,20,-4,22,-1,21,-5,18,4,16,5,17,5,18,3,18,3,17,-5,17,3,17,2,18,8,19,6,19,8,20,7,20,5,22,-6,28,1,28,-5,28,-4,28,-1,28,1,25,0,26,3,27,7,20,7,20,8,21,8,21,6,21,5,21,3,24,-3,18,-6,17,-4,21,-3,22,-4,23,-3,24,-7,18,-7,18,-9,16,-9,16,-8,15,-7,16,-7,18,-6,20,-3,23,-3,24,-3,21,0,19,0,18,2,19,5,19,5,19,2,19,-3,20,-3,21,-1,24,-4,19,-6,15,-7,15,5,23,1,27,-6,32,-5,29,0,27,2,25,-1,28,6,21,7,21,8,20,6,20,7,21,6,22,-1,29,-2,26
2,5,3,5,2,3,0,4,3,3,3,2,4,3,1,5,2,3,3,4,2,5,2,4,2,4,2,3,3,3,1,4,2,4,0,5,2,3,-3,5,-1,5,-3,5,-2,5,-3,4,3,1,-3,3,-2,5,0,5,0,4,0,4,-3,4,1,4,-2,5,-5,4,0,5,0,4,-3,4,0,4,-3,4,-3,4,-5,3,-5,2,-6,3,-5,2,-4,2,-5,2,-4,3,-1,4,4,2,0,4,0,5,2,4,1,4,2,4,3,4,4,3,1,4,2,3,2,2,2,4,4,4,2,4,1,4,1,4,-1,5,1,3,-2,5,-3,5,-4,4,-1,4,3,3,2,4,2,4,0,3,3,4,3,4,-2,4,-4,4,-3,3,-4,4,-4,3,-5,3,-5,5,-3,2,-4,4,-3,3,-4,2,-4,3,-4,3,-3,5,-3,4
3,18,3,18,3,17,-1,17,8,12,5,15,6,16,4,19,0,14,5,17,6,17,9,16,9,15,10,16,9,15,6,17,5,19,2,18,10,12,-3,17,-3,17,-2,18,1,17,-4,16,11,10,-1,16,1,17,-2,16,-2,15,-2,15,-6,13,-1,15,-11,15,-12,16,-4,16,-2,15,-10,17,0,15,-8,16,-6,16,-7,14,-11,11,-11,11,-7,13,-8,12,-9,10,-9,13,0,17,7,12,3,16,2,18,4,18,0,16,2,18,4,18,8,17,6,16,10,16,10,16,9,16,9,18,7,18,0,17,1,17,0,18,1,19,0,19,-4,18,-6,17,1,18,3,17,3,18,1,17,2,16,5,16,7,16,-4,15,-7,16,-12,16,-12,15,-12,14,-12,14,-11,17,-6,14,-9,12,-5,13,-8,11,-7,11,-6,12,-7,17,-11,16
-7,18,-6,17,-6,18,-6,19,-6,19,-4,19,-4,21,-6,24,-3,2,-6,17,-3,20,-7,14,-2,20,-2,22,-2,21,-5,23,-5,24,-6,23,-4,20,-6,19,-4,18,-6,19,-5,19,-2,17,-3,18,-6,19,-6,22,5,18,4,17,5,18,3,18,4,21,-5,25,-7,27,-1,25,1,24,-2,25,2,24,-3,25,0,26,2,19,-3,16,-2,16,1,18,0,19,0,18,-2,22,-7,19,-5,18,-5,22,-6,24,-5,24,-4,24,-5,20,-5,20,-2,21,-5,18,-1,20,0,22,-2,23,-2,25,-4,25,-5,24,-5,23,-6,21,-7,20,-6,20,-5,19,-5,20,-4,21,-4,22,-5,24,-4,26,-4,22,-4,16,-2,21,1,22,-2,27,4,13,-6,26,-7,26,-6,24,-4,28,3,19,-1,18,3,19,2,18,0,18,1,20,-1,26,-3,24
-2,31,-2,31,-2,31,-2,30,4,27,4,27,3,28,0,28,2,29,2,29,5,30,5,31,5,30,5,27,6,27,5,26,4,27,3,29,1,28,4,28,3,29,6,30,3,30,4,28,0,27,6,27,3,29,-5,28,-6,26,-4,28,-2,26,-4,27,-4,31,-3,31,-2,32,-2,30,-4,25,-4,23,-3,27,-5,27,-7,27,-6,29,-5,32,-4,32,-4,30,-5,29,-5,29,-1,30,5,29,5,28,4,29,2,28,0,28,2,28,4,29,3,27,5,29,6,28,5,28,4,27,4,28,3,28,4,27,4,27,1,28,0,30,2,29,6,29,6,29,6,28,5,28,4,28,2,30,3,27,7,29,7,30,-5,27,-5,25,-3,30,-2,32,-1,29,-2,29,-5,26,-6,28,-6,31,-4,29,-4,29,-4,27,-4,27,-6,26,-5,30
-8,47,-8,46,-7,48,-8,50,7,48,7,51,4,50,-7,48,-3,49,-2,47,7,49,9,48,9,47,10,48,8,47,5,48,3,48,0,47,-2,47,0,47,-4,45,9,51,10,50,10,50,-3,46,7,50,-5,46,-10,48,-11,47,-9,48,5,45,-5,49,4,47,4,48,3,50,3,48,4,47,4,45,1,48,0,49,-7,47,-11,49,-12,51,-12,51,1,49,2,47,-4,50,-8,49,7,49,6,51,3,51,-1,49,-6,47,-3,48,1,49,4,47,7,49,9,48,9,48,7,48,6,48,3,47,-1,47,-1,47,-5,46,-6,45,6,51,8,50,9,50,9,51,7,50,5,50,-2,47,-1,47,9,48,10,48,4,45,-7,49,3,46,2,48,3,47,2,47,2,47,-9,47,-12,49,-11,48,-12,49,-10,49,-6,48,1,49,3,48
3,63,-2,65,-6,67,-10,68,22,65,24,62,23,60,-1,65,5,65,9,62,15,66,18,66,21,65,24,64,25,61,24,57,22,56,18,56,14,57,11,65,5,63,20,69,22,68,-6,68,-6,66,26,61,1,65,-21,66,-24,64,-25,64,4,66,-24,58,-4,68,2,69,5,69,6,68,3,67,0,64,-6,66,-8,66,-19,66,-22,68,-25,67,-26,66,1,69,-2,66,-26,60,-11,68,21,64,22,64,22,62,21,60,2,64,5,63,10,65,13,65,16,67,20,65,22,64,23,62,24,59,21,57,18,57,14,57,10,59,5,61,18,69,20,67,22,66,23,65,25,62,24,60,3,64,6,63,18,66,20,66,2,66,-27,57,0,67,4,68,6,67,2,66,-2,65,-22,66,-25,67,-25,64,-28,62,-27,59,-27,57,-15,63,-7,67
3,31,4,31,5,30,3,29,2,28,2,27,2,28,2,29,3,29,4,29,2,31,1,31,1,30,4,27,3,28,3,27,3,28,2,29,3,28,3,29,5,29,3,31,4,30,3,28,3,27,2,28,3,30,0,29,0,27,-1,28,-5,25,0,27,-6,30,-7,30,-5,31,-5,29,-7,25,-7,23,-9,26,-8,26,-3,27,-3,29,-2,32,-4,32,-6,29,-6,28,-4,29,2,29,0,30,-1,29,-1,30,2,29,2,28,2,29,3,29,3,27,2,29,2,29,2,28,3,28,3,29,1,28,1,27,2,27,3,29,3,30,3,30,3,30,0,30,2,28,3,29,2,28,3,30,3,27,2,30,2,31,-2,27,-3,26,-7,30,-7,31,-6,28,-6,29,-8,25,-2,28,-1,31,0,30,-5,28,-5,26,-4,27,-8,26,-8,30
1,50,5,50,7,51,7,52,-6,47,-6,46,-8,47,-4,49,-3,50,-4,49,-6,49,-6,49,-5,49,-3,50,-4,49,-6,48,-5,50,-3,52,-2,48,-3,47,6,48,-4,47,-4,47,-3,49,9,49,-5,45,0,48,6,46,3,46,5,48,-7,48,6,46,-9,47,-11,48,-11,48,-11,47,-8,46,-6,45,-4,46,-2,46,2,45,3,47,1,50,1,51,2,48,-8,50,1,48,6,51,-7,47,-8,49,-10,47,-6,47,-4,49,-4,49,-6,49,-6,48,-6,49,-4,49,-4,50,-5,48,-5,48,-6,48,-5,50,-3,49,-2,48,1,47,-5,46,-5,47,-4,49,-4,47,-6,46,-6,46,-2,48,-2,48,-5,48,-4,49,-8,47,4,46,-13,46,-14,47,-12,45,-11,46,-8,46,3,45,3,47,4,47,2,47,2,45,3,45,-4,47,-12,47
11,70,15,69,18,69,19,69,-10,66,-7,66,-4,65,20,60,17,60,12,61,6,67,-1,70,-5,70,-6,70,-5,69,-2,67,3,67,5,67,10,67,13,68,18,69,0,67,-4,68,-6,67,25,62,-3,65,23,60,3,66,5,66,6,67,-25,59,0,64,-19,64,-22,65,-24,63,-26,60,-26,56,-26,53,-23,54,-19,56,-7,63,-3,67,2,69,3,70,-27,63,-27,60,-6,66,18,68,-11,66,-9,68,-6,66,-1,64,17,60,13,60,9,65,5,65,0,70,-5,70,-7,70,-8,69,-4,69,-1,66,3,67,7,67,9,67,12,66,17,69,-4,67,-7,67,-7,67,-4,65,0,64,21,60,16,59,6,68,0,69,3,65,-3,64,-25,62,-26,60,-26,58,-28,54,-28,52,-7,63,-3,66,4,66,4,66,3,66,-1,64,-15,61,-22,64
