-5,-13,-5,-13,4,-13,3,-13,3,-13,3,-13,-4,-14,4,-14,3,-14,3,-14,4,-13
0,0,0,0,0,0,0,0,0,0,0,0,0,0,0,0,0,0,0,0,0,0
-5,3,-4,3,7,4,6,3,7,3,6,3,-4,2,7,4,7,3,6,3,3,3
-4,12,-4,11,10,14,9,13,10,13,9,12,-3,11,11,15,10,14,11,16,2,14
-5,18,-4,17,7,12,5,10,4,11,3,11,-6,17,8,13,8,13,8,13,4,25
6,3,6,3,-7,2,-8,1,-7,2,-7,2,6,2,-9,2,-9,3,-9,3,-7,1
11,13,11,13,-11,11,-12,10,-11,11,-11,10,12,12,-13,11,-13,12,-13,11,-10,8
1,16,1,16,-5,13,-6,12,-5,13,-4,11,2,14,-6,14,-6,14,-7,13,-5,11
-4,22,-3,20,-1,26,0,28,1,31,1,30,-4,24,-2,25,-2,27,-1,26,2,27
-7,39,-6,40,-3,41,-5,43,-4,45,-3,44,-6,40,-3,43,-5,44,-2,41,4,37
-3,53,-5,58,-8,57,-8,56,-3,58,0,55,-4,54,-12,62,-13,61,-12,57,0,53
4,23,5,20,-6,25,-7,26,-5,30,-5,30,4,24,-8,25,-8,26,-7,24,-6,26
5,38,6,37,-4,39,-5,42,-6,45,-6,45,7,36,-3,41,-3,41,-3,39,-8,39
9,52,11,50,-8,54,-8,54,-9,58,-10,58,12,49,-3,58,0,59,1,53,-11,55
