-5,-13,-4,-12,-4,-14,-3,-14,-2,-14,-2,-14,-2,-14,7,-13,3,-12,3,-13,-4,-12,-4,-13,-5,-12,-4,-12,-4,-13
0,0,0,0,0,0,0,0,0,0,0,0,0,0,0,0,0,0,0,0,0,0,0,0,0,0,0,0,0,0
-3,2,4,3,-2,2,-2,2,-1,2,-3,3,-3,2,2,2,3,3,2,3,-2,3,-3,2,5,1,7,1,6,2
-3,13,9,14,-3,13,-4,12,-3,13,-3,12,-3,11,5,13,4,14,3,13,-1,12,-4,10,-7,9,9,12,7,12
-5,22,14,23,-6,23,-6,22,-6,22,-5,21,-6,21,3,13,5,19,3,16,-6,13,-7,11,-8,11,7,20,3,18
4,1,-2,4,4,1,4,1,3,2,4,2,2,2,-4,2,-4,1,-3,0,5,3,5,3,5,2,-5,2,-3,2
7,12,-1,15,1,13,2,13,2,14,3,14,-3,12,-9,10,-6,12,-4,8,3,15,5,14,7,14,-8,11,-8,10
11,21,3,22,-2,24,-3,23,-4,23,-3,22,-4,21,-3,13,-1,18,-1,14,-6,13,-5,13,-6,12,-7,19,-4,17
0,24,6,25,-2,24,-1,23,0,24,1,23,0,23,-4,24,-6,23,-6,20,0,24,0,23,2,23,3,23,2,23
-4,38,9,41,-6,38,-5,38,-3,39,-4,39,-6,40,3,39,3,40,1,37,-6,38,3,40,4,41,5,40,5,40
-3,56,18,55,2,53,-3,56,-6,57,-8,56,-9,58,3,58,-2,57,0,57,-1,55,11,56,14,55,17,54,18,52
6,24,1,25,4,24,5,23,5,24,5,23,2,23,-5,23,-8,22,-8,19,5,24,2,23,0,24,-2,23,0,23
10,38,-3,40,5,40,8,40,8,40,7,40,4,40,-9,41,-11,41,-8,40,7,40,-6,39,-6,40,-5,40,-6,41
21,53,0,57,14,56,17,56,20,54,21,51,19,50,-27,50,-21,56,-25,45,16,56,-1,56,-8,57,-10,58,-12,57
