5,-14,3,-14,2,-14,3,-13,3,-14,3,-15,4,-14,3,-16,3,-14,3,-14,3,-14,3,-13,3,-14,3,-14,1,-12,0,-14,-2,-13,-6,-14,-7,-13,-7,-13,-6,-13,-6,-13,-7,-13,-7,-13,-5,-15,-4,-15,-4,-15,-5,-15,-3,-15,-4,-15,-4,-14,-4,-15,-4,-15,-8,-11,-5,-15,-4,-15,-6,-15,-5,-14,-5,-14,-5,-14,2,-14,2,-15,3,-14,2,-14,2,-13,3,-13,2,-13,3,-14,3,-14,2,-13,1,-13,-5,-13,-6,-14,-5,-14,-4,-15,-4,-14,-6,-12,-4,-15,-5,-15,-5,-14,-4,-14,-4,-14,-5,-14,-4,-13,-4,-15,-3,-15,-4,-15,10,-10,0,11,-18,8,-20,1,-5,-14,-4,-13,1,-15,3,-13,2,-15,0,-14,2,-14,0,-14,2,-14,2,-14,2,-15,3,-15,2,-15,4,-13,2,-14,3,-14,1,-14,-10,-1,1,-13,-1,-13,0,-13,0,-13,-2,-12,-3,-13,-3,-14,-1,-14,0,-14,-6,-13,-4,-13,-6,-14,-8,-12,-6,-14,-6,-13,-7,-14,-4,-15,-4,-14
0,0,0,0,0,0,0,0,0,0,0,0,0,0,0,0,0,0,0,0,0,0,0,0,0,0,0,0,0,0,0,0,0,0,0,0,0,0,0,0,0,0,0,0,0,0,0,0,0,0,0,0,0,0,0,0,0,0,0,0,0,0,0,0,0,0,0,0,0,0,0,0,0,0,0,0,0,0,0,0,0,0,0,0,0,0,0,0,0,0,0,0,0,0,0,0,0,0,0,0,0,0,0,0,0,0,0,0,0,0,0,0,0,0,0,0,0,0,0,0,0,0,0,0,0,0,0,0,0,0,0,0,0,0,0,0,0,0,0,0,0,0,0,0,0,0,0,0,0,0,0,0,0,0,0,0,0,0,0,0,0,0,0,0,0,0,0,0,0,0,0,0,0,0,0,0,0,0,0,0,0,0,0,0,0,0,0,0,0,0,0,0,0,0,0,0,0,0,0,0,0,0,0,0,0,0,0,0,0,0,0,0,0,0
0,3,0,2,-1,3,0,3,-2,2,-4,3,-2,2,-3,1,-2,3,-2,4,-1,4,1,3,0,2,2,2,1,1,0,1,0,2,-1,0,-1,1,1,1,0,2,2,1,2,1,0,1,-1,1,-1,0,-2,1,-2,1,-2,3,-1,2,0,3,0,1,-2,2,0,-3,4,1,3,3,2,1,4,1,3,0,3,0,-2,1,-3,3,-2,4,-1,3,1,1,0,2,0,3,-3,3,-3,3,-1,3,2,2,0,0,0,1,3,0,2,1,3,0,2,2,0,1,0,1,-1,2,-1,2,-1,3,0,0,2,2,3,1,3,1,3,1,3,2,7,23,5,25,-2,-28,-3,1,-1,2,-2,3,-1,5,-2,3,-3,0,-3,2,-3,1,-2,3,-2,3,-2,4,-2,4,-2,4,0,5,2,2,3,1,2,2,-3,4,-3,2,4,3,3,4,2,4,0,3,-1,0,-1,1,-1,2,-1,3,3,0,-6,4,-2,3,1,1,1,1,3,1,3,0,-1,2,-1,3
-5,14,-5,14,-7,14,-7,14,-11,11,-11,11,-11,12,-12,10,-11,12,-10,14,-8,15,-2,16,-1,15,1,14,3,14,-6,13,-7,13,-1,10,2,11,5,12,4,12,3,10,0,10,0,10,0,10,0,10,-2,8,0,10,0,12,1,14,0,14,-4,9,-5,11,-2,8,9,11,1,13,-1,11,4,12,3,12,5,12,3,12,-6,14,-5,14,-6,13,-4,12,-4,14,-6,13,-9,13,-10,12,-3,14,0,14,6,9,-1,11,5,10,3,10,8,10,5,12,3,11,3,11,2,11,1,11,1,12,-1,12,4,12,7,10,7,8,3,11,0,15,8,3,6,31,-4,-5,-5,9,-1,11,-6,14,-7,16,-10,14,-11,11,-11,12,-11,12,-11,13,-11,12,-11,14,-9,16,-8,16,-4,18,-1,15,-1,15,0,16,2,2,2,11,5,10,2,13,-3,15,-6,14,-7,10,-8,10,-8,12,-7,12,6,9,0,11,-3,11,3,12,1,11,5,11,5,12,2,12,2,13
5,16,3,15,3,17,3,19,-2,16,-2,15,-1,16,-2,15,0,17,1,19,3,19,7,17,6,15,6,14,4,13,3,15,3,15,-6,13,-5,13,-5,12,-4,12,-3,12,-5,13,-5,14,-5,12,-5,11,-5,10,-5,12,-5,14,-4,17,-4,18,-7,11,-7,9,-6,7,-2,6,-4,9,-7,8,-4,12,-5,15,-4,17,-6,15,4,14,5,14,4,14,4,15,6,15,5,17,2,16,-2,16,7,16,6,15,-1,11,-4,11,-2,12,-3,11,-1,12,-3,15,-2,15,-4,14,-4,13,-4,14,-4,15,-6,15,-4,15,-3,10,-1,8,-5,10,7,19,14,34,7,43,-6,10,-7,5,-6,9,4,17,5,19,1,18,0,14,-2,16,-1,16,0,17,-1,16,1,19,3,21,3,21,7,20,8,17,8,16,8,16,1,2,-2,12,1,9,3,18,5,17,4,16,2,12,3,12,2,15,3,15,-2,8,-2,5,-6,13,-7,11,-6,8,-4,11,-5,14,-3,13,-4,12
-1,1,-2,1,0,2,0,2,1,1,2,1,2,1,1,1,1,1,0,3,0,2,-2,3,-3,1,-2,1,-3,2,-1,1,-1,2,4,3,3,4,0,1,0,2,-1,2,-2,2,0,2,0,1,2,0,2,1,3,1,2,3,1,2,1,3,-3,1,0,2,-2,1,-2,0,-2,3,-4,-2,-2,0,-2,2,-2,2,2,1,0,1,0,2,-1,2,-2,0,0,1,0,1,2,1,1,2,0,1,-2,1,-1,1,-1,2,-2,1,-1,1,-1,1,-2,3,1,1,1,1,1,2,2,2,2,3,2,2,0,3,-3,3,-2,2,-2,2,0,6,4,24,3,22,0,-17,3,1,1,1,2,2,2,3,2,2,1,0,2,1,1,0,0,1,0,-1,0,1,0,2,-1,2,-1,2,-3,1,-2,1,-3,2,-12,1,2,1,-3,2,-2,2,0,2,-1,2,-1,-1,-2,-1,-1,1,0,2,0,1,2,0,2,2,-3,0,-2,2,-3,0,-2,0,2,2,1,3
-5,10,-6,11,-2,12,-4,11,3,11,2,11,0,11,-1,8,-2,7,1,18,-2,11,-6,13,-5,12,-9,11,-10,11,-4,11,-5,12,5,17,4,17,4,15,4,15,3,12,-4,14,2,13,6,11,10,11,8,9,12,11,11,12,9,13,2,16,-6,11,-4,12,-5,8,-7,10,-5,13,-5,10,-1,14,-1,15,0,16,-14,9,-2,11,-1,11,-6,11,-4,11,0,11,0,11,2,10,1,11,2,12,-9,11,1,13,0,13,1,13,2,13,2,12,2,13,7,11,10,10,11,10,10,11,8,13,3,16,2,16,0,14,-1,12,-2,12,1,19,-2,32,-5,33,-5,-7,3,10,3,11,3,14,2,13,1,13,1,12,2,12,2,12,-4,8,-3,5,-2,12,-2,13,-4,14,-6,12,-10,11,-10,9,-6,12,-3,13,2,8,-6,10,-6,12,-1,10,-4,11,-2,6,-6,10,-3,8,-3,9,3,12,3,12,9,12,0,16,0,12,0,14,1,14,8,12,9,12
1,14,0,13,1,15,1,16,7,13,6,11,4,12,4,9,5,10,4,14,4,15,3,16,3,13,5,11,0,13,3,12,4,11,-5,14,-7,14,-8,13,-5,13,-2,13,-4,12,-4,16,-3,12,-1,12,-1,11,1,13,0,15,-3,17,-4,19,-4,12,-5,8,-4,8,-3,0,-5,10,-6,8,-6,14,-8,16,-8,19,-6,14,3,13,3,13,0,14,-1,16,5,13,5,14,9,11,8,11,5,14,0,13,-2,13,-5,11,-6,13,-3,12,-3,14,-4,16,-2,16,1,14,2,14,-1,15,-3,15,-6,16,-7,16,-9,12,-8,10,-7,10,7,19,11,44,9,46,1,3,-4,10,-4,11,5,15,6,16,8,14,8,11,10,12,5,12,3,14,3,13,5,15,4,18,3,18,3,17,-1,15,0,13,0,13,-3,5,-2,11,-1,-5,-2,15,5,12,4,11,4,6,1,7,3,8,3,10,-3,10,-3,9,0,15,-9,12,-5,9,-5,13,-6,15,-1,14,-1,14
-4,24,-5,24,-5,24,-4,25,-3,25,-3,24,-2,25,-3,24,-2,24,-2,26,-3,25,-3,26,-3,24,-1,24,-1,24,-2,24,-2,25,2,24,1,25,2,25,2,26,6,22,5,23,5,22,5,24,5,24,4,25,2,25,3,26,3,25,3,26,2,23,1,24,3,20,3,23,2,26,0,23,3,25,2,25,2,26,-3,24,-4,24,-3,23,-3,23,-2,24,-2,24,-2,25,-1,23,-1,24,-2,24,-2,24,2,23,1,22,1,23,2,22,4,23,3,24,4,22,4,22,4,24,3,23,3,23,2,23,3,24,2,23,2,21,1,22,1,26,5,45,4,45,-2,1,0,24,0,22,-1,25,-1,26,-2,25,-3,24,-1,25,-3,24,-1,27,-1,26,-2,26,-3,26,-4,25,-3,27,-2,25,-1,24,-2,25,-1,14,0,24,1,23,0,24,-1,27,-3,26,-2,22,-3,21,-3,23,-2,23,1,23,3,23,2,23,1,24,1,21,3,23,4,23,6,23,5,24
-8,44,-10,44,-7,45,-4,46,6,43,5,43,4,43,3,41,4,43,3,44,2,43,-3,44,-5,43,-6,43,-7,44,4,42,4,42,-4,41,-5,43,-4,44,-3,44,-1,42,1,41,0,42,5,45,9,46,10,46,8,46,5,46,1,46,-1,47,0,43,0,44,3,40,0,44,-1,45,-4,42,-3,44,-4,45,-4,45,3,42,-3,40,-4,41,-6,42,-6,43,-4,44,-2,45,6,41,4,41,-1,42,-2,41,-4,41,-4,41,-3,42,-3,40,-3,41,-3,42,-1,41,6,43,7,43,5,42,3,41,1,42,0,42,-4,40,-4,39,-3,40,1,46,11,65,8,69,-8,21,-2,42,5,41,4,43,4,44,4,45,6,43,5,45,3,43,3,46,3,44,3,45,4,44,4,43,-1,46,-3,44,-3,43,-4,45,-5,36,4,42,5,43,4,42,7,45,5,44,4,40,3,40,3,41,2,43,-4,40,-3,41,2,43,-6,43,-4,41,-2,43,-3,42,5,43,7,43
-19,61,-24,62,-26,57,-23,56,-2,63,2,64,4,65,4,62,3,63,-1,63,-4,61,-14,63,-17,61,-18,61,-21,60,0,62,4,62,7,57,1,59,-1,62,-2,62,-1,61,1,59,5,60,13,61,18,63,21,64,26,58,24,56,22,56,17,56,8,62,9,61,14,58,-6,62,18,62,-7,62,-3,62,0,63,4,61,-1,62,-12,58,-15,59,-18,59,-19,59,-19,57,-19,55,0,61,3,62,-10,58,-13,59,2,59,-3,59,-5,60,-4,57,-1,58,-1,58,9,55,14,57,17,58,22,54,20,53,15,53,12,55,3,56,-1,57,-4,56,4,64,10,84,9,87,-20,38,-18,54,4,59,3,62,-1,63,-7,63,-3,62,3,66,5,66,6,67,5,64,1,63,0,63,-5,61,-10,65,-13,62,-15,62,-18,62,-21,51,5,62,2,61,0,60,-2,64,1,64,4,60,4,60,3,63,0,62,3,55,0,58,19,52,-2,61,-5,59,-1,61,1,60,13,60,15,61
-1,24,-3,24,-2,25,-2,25,-3,25,-3,24,-2,24,-3,23,-2,24,-3,26,-3,25,-2,25,-1,24,0,24,-1,23,-3,23,-3,23,8,23,7,24,7,24,7,25,6,22,2,23,4,23,3,24,5,24,4,25,3,25,3,26,3,25,3,27,2,23,-1,25,1,20,-1,23,0,26,-2,23,0,25,0,26,0,26,-4,24,0,24,1,24,-1,23,-1,23,1,24,0,25,-1,23,-1,24,1,24,0,24,5,23,4,22,4,23,4,22,3,23,2,24,4,22,3,22,3,24,3,23,3,23,2,23,3,24,2,23,3,21,1,23,0,26,0,45,-2,45,-5,0,-4,24,-3,21,-1,25,0,26,-2,25,-3,23,-2,25,-2,24,-2,27,-2,25,-2,26,-2,25,-3,25,0,27,0,25,1,24,-1,25,-3,14,-1,24,-2,24,-2,24,-4,26,-5,25,-5,21,-5,20,-4,22,-3,23,4,23,4,23,3,23,2,24,2,21,2,23,1,23,2,23,2,25
6,43,3,43,3,43,3,44,-7,43,-8,42,-6,44,-6,42,-4,44,-2,44,1,42,4,44,4,43,4,42,3,42,-4,42,-5,42,10,42,11,44,13,45,12,45,11,43,-2,41,-1,43,-5,44,-5,44,-5,46,-4,45,-6,45,-6,45,-3,48,-2,44,-4,44,-2,40,-3,44,-3,46,-5,43,-4,45,-5,45,-6,46,-5,42,6,41,6,41,4,42,4,42,5,43,5,42,-3,42,-5,42,6,40,6,40,10,44,9,43,9,44,7,43,4,44,-5,43,-2,42,-5,41,-5,42,-5,41,-4,42,-2,43,-1,43,4,42,5,40,5,42,-1,45,-1,66,-5,68,-9,21,-4,42,-1,41,2,42,3,44,-1,45,-4,43,-5,45,-5,45,-4,47,0,44,1,45,3,43,3,42,7,44,6,43,6,42,4,44,1,34,2,43,4,41,2,41,-3,44,-6,44,-6,41,-6,41,-4,43,0,42,6,41,-3,40,-5,42,4,45,5,44,-3,44,-4,43,-7,42,-7,42
4,62,4,63,2,62,-2,62,-16,60,-18,59,-20,60,-21,55,-20,55,-18,54,-14,54,-3,62,1,62,6,62,7,62,-14,59,-15,58,18,61,20,62,24,62,27,60,-1,61,-2,60,3,61,9,61,5,63,-2,65,-6,66,-3,65,0,64,4,65,8,63,1,63,-2,59,-6,62,-7,63,-7,62,-2,63,13,58,7,59,-14,59,0,57,4,60,6,60,7,60,5,61,2,61,-11,59,-14,59,1,57,4,58,20,59,22,59,23,58,23,54,23,53,0,60,10,56,4,57,-2,60,-1,59,2,59,5,58,8,59,14,59,16,57,17,56,-7,64,-9,85,-13,85,-18,37,-17,54,-4,50,-1,58,-2,61,-8,63,-13,61,-14,62,-16,62,-17,62,-16,59,-16,58,-12,57,-9,57,0,63,4,62,7,62,7,63,4,53,3,62,-1,58,-5,56,-9,62,-13,62,-15,58,-18,58,-18,58,-17,56,14,57,0,57,-2,61,13,62,16,59,16,56,13,55,3,58,-3,60
