-2,-17,-3,-16,-3,-17,-2,-16,-2,-17,-2,-17,-2,-18,-1,-17,-1,-16,-2,-17,-1,-17,-1,-16,-3,-16,-3,-17,-2,-18,-2,-17,-2,-17,-2,-18,-1,-18,-2,-17,-2,-18,-1,-17,-1,-17,-1,-16,-1,-17,0,-17,0,-17,0,-18,0,-18,1,-18,0,-18,-1,-17,-1,-18,-2,-18,-1,-18,-2,-17,-2,-18,0,-18,0,-17,1,-18,1,-16,1,-18,0,-17,0,-17,0,-18,-1,-18,-1,-18,-3,-19,-1,-17,-1,-16,0,-17,0,-17,-1,-18,-3,-17,-2,-17,-2,-17,-1,-18,-1,-18,-2,-18,-2,-17,-2,-17,-3,-17,-2,-18,-2,-17,-3,-16,-4,-17,-2,-17,-3,-17,-2,-16,-1,-18,-2,-17,-1,-17,-3,-17,-4,-17,-4,-17,-4,-17,-3,-17,-3,-17,-3,-18,-1,-17,2,-17,1,-17,1,-16,-1,-17,-1,-17,-2,-17,-2,-17,-2,-17,-2,-18,0,-17,1,-18,1,-18,0,-18,0,-17,1,-17,0,-17,-1,-17,-1,-17,-1,-16,0,-18,-1,-17,0,-17,0,-17,1,-17,1,-17,1,-18
0,0,0,0,0,0,0,0,0,0,0,0,0,0,0,0,0,0,0,0,0,0,0,0,0,0,0,0,0,0,0,0,0,0,0,0,0,0,0,0,0,0,0,0,0,0,0,0,0,0,0,0,0,0,0,0,0,0,0,0,0,0,0,0,0,0,0,0,0,0,0,0,0,0,0,0,0,0,0,0,0,0,0,0,0,0,0,0,0,0,0,0,0,0,0,0,0,0,0,0,0,0,0,0,0,0,0,0,0,0,0,0,0,0,0,0,0,0,0,0,0,0,0,0,0,0,0,0,0,0,0,0,0,0,0,0,0,0,0,0,0,0,0,0,0,0,0,0,0,0,0,0,0,0,0,0,0,0,0,0,0,0,0,0,0,0,0,0,0,0,0,0,0,0,0,0,0,0,0,0,0,0,0,0,0,0,0,0,0,0,0,0,0,0,0,0,0,0,0,0,0,0,0,0,0,0,0,0,0,0,0,0
-5,2,-5,3,-6,2,-6,3,-6,3,-6,4,-6,2,-4,2,-3,3,-3,4,-3,4,2,4,0,4,-3,4,3,4,6,3,6,3,6,3,7,3,5,5,6,3,6,5,5,5,3,6,-3,4,-3,4,-2,3,6,6,7,5,4,7,3,6,2,5,2,5,6,5,4,5,5,5,3,5,3,4,3,4,4,5,4,5,-5,5,-5,6,-5,6,-5,5,-4,4,4,4,4,5,4,5,4,6,4,6,5,5,-5,4,-3,4,-1,3,-2,3,-2,2,2,4,-1,2,4,3,3,4,-2,4,-2,4,-3,4,-3,6,-4,4,-1,3,-4,6,-4,5,-4,6,-4,5,-2,5,-3,5,4,5,6,4,6,5,8,5,8,4,8,4,9,4,4,4,-6,5,-7,6,7,4,7,3,7,3,-6,4,-6,3,-4,3,-6,6,5,5,4,4,3,7,5,6,3,5,-4,3,4,1,3,3,2,2,3,2,5,7,2,6,4,5,4,2,4,1,4,3
-5,15,-5,14,-7,14,-6,15,-6,15,-6,15,-6,14,-6,14,-5,16,-5,17,-5,17,1,17,-2,17,-5,15,8,15,10,15,9,15,8,16,9,16,6,16,6,16,6,17,4,17,-1,19,-5,17,-3,18,-3,16,8,20,9,19,1,22,-2,22,0,19,5,23,9,21,7,22,10,20,2,18,1,18,2,18,8,17,7,18,-8,20,-9,21,-8,21,-9,20,-9,20,-6,21,10,20,7,19,8,20,2,21,7,18,-11,17,-4,16,-1,16,-2,15,-2,15,0,17,-2,16,3,16,1,16,-3,17,-4,16,-3,15,-3,18,-3,16,-1,15,-3,18,-5,18,-5,18,-5,18,-4,18,-4,18,1,19,4,17,6,17,13,17,13,16,12,16,13,16,-6,20,-11,18,-12,20,12,18,12,17,11,17,-14,16,-13,17,-11,18,-8,23,7,18,7,18,1,23,6,22,3,21,-11,14,8,20,-12,16,-10,16,9,17,5,23,3,23,9,18,9,18,7,15,7,18
-11,21,-10,20,-10,20,-8,21,-7,22,-8,22,-9,24,-9,24,-10,25,-9,26,-8,26,-6,23,-8,21,-10,19,-7,18,0,18,1,19,2,22,2,21,0,23,-2,23,-7,24,-7,26,-8,24,-7,24,5,29,3,27,8,27,7,26,8,28,9,25,7,27,8,23,7,28,8,25,9,28,7,29,4,28,6,30,8,26,7,27,4,27,4,29,4,27,4,27,3,28,5,28,6,29,6,31,9,32,9,30,11,28,11,26,-9,23,-7,22,-8,21,-7,20,-7,20,-8,21,-5,22,-5,25,-7,26,-6,25,-6,22,-8,22,-8,20,-7,19,-6,25,-6,26,-5,26,-7,27,-7,28,-8,27,-7,24,-8,22,-5,21,3,20,5,20,4,18,6,21,5,28,1,25,-1,25,4,26,5,24,3,25,-3,26,-2,28,-1,28,4,30,5,27,7,27,9,25,10,23,9,22,6,20,8,20,2,20,7,22,10,23,12,27,11,27,8,26,7,26,8,22,8,20
5,4,6,4,4,4,6,3,6,3,6,4,5,5,7,5,6,5,4,4,4,4,0,5,0,5,3,4,0,5,-5,4,-6,5,-6,4,-5,4,-6,5,-5,5,-4,6,-3,5,1,6,4,5,2,4,3,4,-7,6,-7,6,-3,6,-3,6,-1,5,-1,5,-3,5,-3,5,-4,7,-3,5,-1,4,-2,5,-4,6,-3,7,3,5,5,5,2,4,4,3,1,3,-2,5,-3,5,-3,4,-5,6,-5,6,-6,6,6,5,3,5,1,4,2,4,3,3,2,5,1,3,-3,4,-2,5,2,4,4,3,4,4,2,6,4,4,2,3,5,4,5,4,6,4,5,5,5,5,4,5,0,6,-4,6,-4,5,-5,5,-7,5,-7,4,-8,4,-4,5,5,2,6,4,-7,6,-7,5,-6,4,7,2,4,2,4,2,3,3,-3,5,-3,5,-3,6,-5,5,-2,5,-3,3,-5,3,-1,2,-2,3,-3,3,-4,4,-1,6,-6,5,-5,5,-4,3,-3,3
11,20,12,19,12,19,13,19,12,19,12,19,10,20,9,22,7,21,6,22,4,20,-1,19,-2,20,-2,19,-1,20,-6,20,-9,19,-5,20,-4,18,-6,18,-6,18,-4,19,-6,19,-3,20,4,18,7,18,4,17,-9,21,-8,19,-4,20,-2,19,-1,20,-1,20,-6,19,-3,19,-5,20,-5,20,-4,20,-4,19,-5,20,-5,20,6,16,7,17,8,18,8,16,0,17,-7,21,-6,19,-7,19,-6,20,-5,20,-9,18,7,19,3,22,0,19,1,19,1,19,2,20,0,20,-4,18,-3,18,1,18,3,17,2,17,3,21,5,19,4,18,10,19,9,19,7,17,8,23,6,19,1,20,-1,22,-3,21,-6,21,-11,22,-14,21,-14,20,-13,20,-8,19,8,11,8,13,-14,19,-14,18,-15,17,9,15,3,13,5,13,6,14,-4,19,-4,18,-3,19,-6,19,-7,17,-11,14,-12,15,-12,16,-11,17,-10,16,-7,18,-1,19,-6,18,-6,17,-5,16,-3,16
-1,27,1,27,-1,26,0,23,1,24,2,25,-1,27,-3,29,-4,28,-6,28,-5,27,-8,26,-11,23,-10,21,-9,20,-9,20,-5,20,-10,21,-9,21,-10,24,-9,25,-7,26,-6,27,-7,25,0,26,9,29,0,27,-1,27,-2,26,3,28,7,23,3,27,6,23,0,22,4,24,1,30,0,30,-1,28,-1,28,1,27,2,27,9,23,9,26,8,24,9,25,6,25,3,28,-1,28,-3,29,-2,29,2,29,-1,26,10,25,-8,24,-9,24,-8,22,-7,21,-7,21,-8,23,-9,24,-8,27,-6,27,-3,24,-3,23,-6,22,-8,21,-4,20,-3,28,-2,29,0,28,-3,30,-6,28,-8,28,-10,27,-12,24,-13,23,-12,21,-4,21,-5,19,-5,22,13,21,13,19,12,19,-4,27,-4,25,-4,26,4,24,7,21,7,23,8,24,1,27,1,27,4,24,3,22,5,20,1,20,-1,18,-2,20,1,23,1,22,5,24,6,25,0,25,-2,25,1,25,6,19
1,28,-1,31,0,33,0,32,-4,32,-3,33,-3,31,-2,30,-1,31,-2,31,0,30,-1,31,-3,32,-3,31,-3,32,6,32,3,35,2,34,3,30,3,32,3,29,2,31,2,30,3,32,2,36,-3,35,-1,34,3,33,3,32,-1,36,-2,35,-3,35,-4,35,6,37,0,37,0,37,0,36,0,34,2,33,1,32,3,35,2,35,3,36,4,36,3,36,3,37,4,39,3,34,3,34,2,35,-1,35,2,34,-2,37,-3,31,-2,30,-1,30,-2,32,-2,34,7,32,7,32,-2,32,-3,31,3,29,2,31,5,32,5,31,5,33,0,33,-1,35,-1,37,-1,34,4,33,1,32,2,34,3,31,5,32,4,33,7,33,7,33,8,33,1,31,-1,32,1,37,4,38,4,36,4,36,1,33,1,31,0,30,-1,31,-1,33,-1,34,-4,33,-3,37,-4,35,-3,34,3,36,-3,34,-2,36,0,34,0,33,-1,33,1,33,2,34,2,33,2,33
-5,48,0,48,4,51,7,52,-8,50,-7,51,2,48,2,49,-2,49,-5,49,-4,48,-7,49,-9,48,-9,48,-8,47,10,51,8,52,-7,50,-7,50,9,49,-6,46,-1,48,-3,49,0,49,7,52,-7,51,-5,51,7,50,6,51,1,55,-2,53,-6,54,-7,53,10,54,-6,55,-2,56,1,56,6,54,8,52,9,52,12,52,9,54,9,56,8,57,7,56,7,56,8,55,7,52,6,54,5,55,2,53,0,54,-3,55,-10,47,-9,48,-8,47,-7,50,-6,50,11,52,8,51,-7,50,-7,50,-1,48,1,50,-1,52,3,50,8,53,-7,50,-7,52,-6,53,-6,52,4,51,0,51,0,50,-3,49,-5,47,-7,47,-6,49,9,52,12,52,9,49,10,49,11,53,7,56,9,55,8,55,9,54,8,52,9,48,8,49,7,50,4,54,-2,56,-5,56,-8,55,-10,54,4,53,-8,55,-5,57,-2,55,3,54,5,53,3,51,8,52,8,53,7,52
6,65,10,67,13,67,16,68,-11,70,-11,69,18,64,18,61,15,60,12,59,9,60,5,64,0,65,-4,67,-7,67,20,68,21,67,-10,69,-7,69,20,62,-3,63,3,66,8,65,12,68,16,66,-2,71,-5,70,2,69,-2,68,-8,70,-11,69,-16,72,-20,71,14,72,-21,68,-21,66,-18,66,-14,67,-9,69,-4,71,2,72,6,76,10,76,13,76,13,74,12,74,9,73,4,70,0,73,-3,72,-7,72,-10,72,-13,72,1,63,-2,66,-5,67,-8,69,-10,69,25,68,24,64,-4,70,-2,68,21,62,16,63,11,68,14,68,18,69,-6,73,-8,72,-8,71,-7,70,22,61,18,62,15,61,10,62,5,65,0,67,-5,68,20,69,23,69,-3,67,1,68,6,74,10,74,14,74,15,73,14,73,10,71,7,69,3,69,-1,69,-6,70,-11,70,-14,72,-19,73,-23,72,11,72,-25,71,-23,70,-21,67,-17,68,-12,68,-6,70,-3,73,2,74,7,74
5,29,4,32,2,33,3,32,4,32,4,33,0,31,2,31,1,31,1,31,3,30,0,31,2,32,3,32,3,32,-3,33,-4,35,-4,34,-3,31,-5,32,-2,30,0,32,0,31,-1,33,2,35,7,34,2,33,-4,33,-3,33,4,36,3,35,2,35,5,35,-3,37,-1,37,3,37,3,36,-3,34,-3,34,-4,33,-3,35,-4,35,-4,36,-3,36,-2,36,-3,37,-2,38,-4,34,-5,35,-4,35,-5,35,-4,33,2,37,3,32,5,31,8,30,7,32,-1,34,-1,34,-1,33,0,32,2,32,4,29,4,31,3,33,4,31,2,34,4,33,4,35,2,37,2,34,0,34,-2,33,-1,34,0,32,0,33,2,34,-2,35,-3,35,-2,36,-4,31,-1,32,0,37,-3,38,-4,36,-3,35,1,33,-1,31,2,30,-3,30,-4,33,-4,33,1,34,-4,36,-2,35,-1,34,-6,35,-2,34,0,36,-2,33,-4,33,-3,33,-5,33,-5,34,-7,33,-7,32
-9,49,-9,49,-9,48,-8,49,-7,50,-7,51,-8,50,-7,51,-8,50,-7,51,-5,49,-1,52,1,52,4,50,8,50,-7,50,-7,52,-7,52,7,52,-9,49,0,50,-4,48,-5,50,-8,51,-7,48,-6,50,-5,50,5,50,5,49,10,51,11,49,11,52,10,53,-7,54,9,54,8,53,8,54,5,53,6,51,3,51,0,54,-4,54,-6,54,-7,53,-7,52,-7,52,-5,52,-4,50,-2,53,1,52,1,52,-1,52,6,53,0,51,4,51,9,51,12,50,-6,50,-6,51,-7,50,8,53,5,53,-4,48,-3,52,-6,53,-7,51,-8,50,-8,50,-6,53,-5,53,-6,53,-6,52,-7,52,-6,53,-5,50,-7,48,4,54,7,54,-6,52,-5,52,6,49,2,50,-3,53,-6,53,-7,51,-6,50,-4,50,-3,50,0,50,3,49,5,48,3,51,7,53,8,52,7,52,6,53,-10,53,4,54,5,55,4,52,2,52,4,52,0,50,-1,52,-5,53,-6,50
7,66,1,68,-4,68,-8,70,-11,70,-11,71,-11,70,-7,69,-4,68,0,67,5,66,9,67,12,69,15,69,19,68,-9,68,-11,69,-10,69,23,65,-6,68,18,65,16,64,11,66,7,68,3,69,19,68,-5,70,-10,59,-5,58,-1,65,2,67,7,72,11,72,-21,68,13,73,11,73,8,72,4,71,0,69,-6,71,-8,72,-13,72,-17,73,-21,71,-22,69,-23,66,-21,64,-22,61,-21,62,-16,64,-12,65,-6,68,-1,70,10,68,14,68,18,70,22,70,-10,68,-11,70,-8,70,-5,69,26,62,3,67,7,68,12,68,6,70,1,72,-5,74,-8,74,-8,73,-7,73,-3,71,0,71,3,69,7,69,11,70,15,71,19,72,-9,69,-9,69,-4,68,-7,67,-11,70,-15,70,-18,68,-20,66,-21,63,-20,61,-18,59,-15,59,-10,59,-9,62,-2,66,2,70,7,71,10,71,-24,70,11,73,9,75,6,72,1,70,-2,69,-8,69,-11,72,-14,72,-18,70
