-6,-15,-4,2,-17,-31,7,24,9,19,1,19,3,-17,8,-16,-9,-17,5,-16,5,-16,4,-16,5,-16,5,-16,7,-16,6,-16,7,-15,7,-16,6,-15,8,-15,6,-16,7,-16,7,-15,5,-16,5,-16,6,-16,5,-17,4,-16,6,-16,5,-16,-7,-15,-6,-16,-8,-15,-6,-15,-7,-15,-6,-14,-6,-15,-6,-15,-7,-15,-7,-15,-6,-15,-7,-15,-7,-16,-7,-14,-7,-15,-3,-15,1,1,0,0,0,4,-25,-10,-14,-37,5,-16,7,-16,6,-16,6,-16,6,-16,6,-16,7,-16,6,-16,7,-16,7,-16,7,-16,7,-16,6,-16,3,-17,-5,-16,-6,-16,-5,-15,-6,-16,-6,-16,-6,-15,-5,-16,-6,-16,-6,-15,-6,-15,-6,-16,-5,-15,-6,-15,-6,-15,-6,-16,-6,-15,-5,-16
0,0,0,0,0,0,0,0,0,0,0,0,0,0,0,0,0,0,0,0,0,0,0,0,0,0,0,0,0,0,0,0,0,0,0,0,0,0,0,0,0,0,0,0,0,0,0,0,0,0,0,0,0,0,0,0,0,0,0,0,0,0,0,0,0,0,0,0,0,0,0,0,0,0,0,0,0,0,0,0,0,0,0,0,0,0,0,0,0,0,0,0,0,0,0,0,0,0,0,0,0,0,0,0,0,0,0,0,0,0,0,0,0,0,0,0,0,0,0,0,0,0,0,0,0,0,0,0,0,0,0,0,0,0,0,0,0,0,0,0,0,0,0,0,0,0,0,0,0,0,0,0,0,0,0,0,0,0,0,0,0,0,0,0
-2,5,14,-1,21,-15,-13,-14,-12,-21,-3,-19,0,-2,-7,-5,-13,-3,-4,4,-5,4,-7,4,-6,4,-6,4,-4,4,-5,4,-4,5,-5,4,-3,6,-2,6,0,5,1,4,1,5,3,5,3,4,4,4,4,4,3,5,4,6,2,5,-4,4,-6,4,-3,4,-3,3,-3,4,-3,4,-2,4,-3,4,-3,5,-3,4,-3,5,-3,5,-3,4,4,5,-1,6,-1,-15,-9,-6,-11,-34,11,-7,-1,-1,-17,-57,-3,5,-2,5,-4,6,-3,5,-5,4,-4,5,-6,4,-4,5,-3,5,-2,5,-2,6,1,6,1,6,4,4,-4,4,-5,4,-4,5,-4,5,-1,5,0,6,0,5,-1,4,-2,5,-2,4,-1,4,-2,5,-2,4,-3,5,-3,5,-3,5,-3,4
1,17,17,14,9,1,-16,-12,1,-3,-2,-2,4,15,-7,11,-13,11,-14,19,-15,19,-18,20,-19,19,-19,19,-18,18,-17,18,-16,19,-15,19,-14,21,-10,22,-8,22,-5,22,-3,23,-3,21,-2,21,-2,21,-3,20,-5,20,-5,20,-8,20,-1,14,-2,14,3,16,3,15,3,15,3,16,5,16,4,16,3,15,2,16,2,16,2,16,2,16,9,18,8,18,-3,-15,-25,-23,1,-18,-5,-25,-20,24,13,-26,-11,23,-12,23,-14,22,-15,21,-18,19,-18,18,-18,18,-17,19,-16,19,-14,20,-11,23,-8,23,-6,23,-2,22,1,16,-3,17,0,17,-1,16,2,17,8,19,5,17,5,17,3,17,3,16,2,18,3,18,3,16,2,17,2,17,1,17,3,16
-5,22,10,22,14,3,-19,3,3,-1,-1,1,-8,23,-9,19,-13,22,-3,34,-6,36,-15,37,-16,36,-16,36,-13,36,-11,35,-7,35,-5,34,0,33,4,30,6,28,8,26,11,26,11,25,10,26,10,28,8,30,5,34,2,36,-2,37,-8,16,-7,16,-1,25,-2,24,-4,23,-5,22,-5,20,-4,21,-5,21,-4,22,-2,24,-2,23,-3,21,-1,22,-5,21,-6,-7,-27,-21,-4,-27,3,16,1,40,13,-45,1,32,0,35,-3,37,-7,37,-11,34,-11,34,-9,34,-8,35,-5,34,-1,35,3,35,5,32,8,31,8,28,-4,26,-11,22,-5,23,-9,20,-5,19,7,34,-2,25,-1,27,-3,25,-3,23,-6,22,-6,22,-5,22,-5,23,-2,24,-3,24,-2,22
6,3,-15,-13,-2,-18,-13,-14,-13,-21,-9,-4,-5,0,-10,3,-16,2,3,3,2,3,3,4,3,4,3,4,-2,4,-4,4,0,4,0,3,-3,4,-3,5,-4,3,-5,3,-5,4,-6,4,-6,3,-6,3,-6,3,-7,3,-6,4,-6,3,8,4,9,4,6,3,6,3,6,4,6,3,7,2,7,3,6,3,6,2,6,5,8,5,6,3,4,6,4,5,-1,-15,-13,-5,5,-21,-6,-22,-2,2,-15,-31,-2,4,-1,4,0,4,0,4,2,4,1,4,0,3,1,4,-3,4,-2,4,-3,5,-4,4,-5,4,-7,3,8,3,7,3,7,5,8,6,6,6,5,6,4,5,4,4,4,5,6,5,6,4,6,3,5,4,5,5,6,4,6,5,6,3
9,18,15,13,-5,-16,-16,-12,-15,-19,-20,-19,-8,16,-2,13,-6,9,-2,17,-4,16,-2,16,-2,17,-1,18,-4,18,-5,17,-4,17,-4,16,-9,19,-8,20,-10,18,-13,17,-11,17,-16,17,-16,17,-15,17,-15,16,-13,17,-12,17,-13,17,13,19,13,18,12,18,13,18,15,17,17,17,19,15,19,15,17,15,16,15,15,18,12,19,10,19,7,21,5,21,-3,-15,-24,-22,1,-17,-7,18,-16,26,-7,-40,-4,18,-4,18,-4,17,-4,17,-4,17,-5,16,-6,16,-6,17,-7,18,-7,19,-7,20,-10,19,-10,19,-18,17,19,16,15,18,14,21,12,21,10,20,8,21,11,19,10,19,12,20,14,19,14,18,15,17,15,17,14,17,13,18,11,20,11,18
-6,23,15,19,18,1,-20,3,-14,-20,2,0,-7,20,-6,21,-15,25,4,24,4,21,8,18,9,18,10,19,9,20,6,22,5,24,2,26,-2,32,2,29,2,25,0,23,-1,23,-6,27,-4,24,-4,24,-4,25,-5,31,-7,32,-7,33,-4,17,-4,16,-1,27,1,28,2,28,5,29,6,25,6,25,3,25,0,24,-1,26,-2,24,-4,23,-7,23,-9,22,-16,-33,-24,-22,1,-18,11,34,0,39,-7,-42,4,23,6,22,6,20,6,19,6,20,4,20,4,21,5,24,3,26,-2,33,0,34,2,30,2,27,-7,23,4,26,1,25,-2,24,-5,22,-6,20,-8,20,-3,27,-2,29,0,31,3,31,3,30,4,30,4,28,0,27,-1,26,-3,26,-4,24
5,33,22,23,-15,7,-25,5,4,2,-1,1,-4,30,0,28,-2,26,-11,35,-9,37,-7,37,-8,36,-7,37,-5,38,-5,38,-6,36,-8,34,-7,36,-6,37,-7,37,-7,38,-8,37,-9,37,-9,37,-7,38,-7,36,-7,35,-5,35,-7,35,4,31,5,33,3,35,4,33,4,33,6,33,8,33,8,35,8,34,6,32,5,33,6,34,6,33,9,34,6,35,-6,2,-29,-6,-12,3,-9,-11,-3,-12,16,-26,-8,36,-8,36,-9,37,-9,38,-9,37,-8,37,-8,36,-7,38,-7,38,-6,37,-6,39,-5,39,-6,40,-8,38,3,33,3,32,4,31,2,33,3,34,2,37,4,33,3,33,4,34,6,34,6,33,10,33,11,34,10,35,8,33,4,33,5,33
9,58,-14,-11,-19,-33,-10,24,-10,19,3,20,-13,48,-3,48,-10,47,-6,60,-2,59,1,58,5,56,5,58,4,59,2,59,0,61,0,60,1,60,4,61,1,61,-1,60,-7,62,-12,63,-14,63,-14,64,-12,64,-9,63,-3,62,-2,59,2,53,3,52,0,57,-1,56,0,56,3,57,11,56,14,56,15,56,15,57,13,57,11,57,4,55,4,56,2,55,-7,25,-37,20,-11,26,-17,-41,-22,25,12,-2,-7,62,-4,60,-2,61,1,61,5,60,4,60,2,61,1,63,-1,63,1,62,3,62,4,63,1,64,-14,64,9,55,3,54,2,55,1,55,-2,55,0,56,1,59,-1,58,-1,57,2,57,2,57,9,57,12,57,14,58,14,57,13,58,11,57
31,67,11,52,0,34,7,38,-18,39,-30,42,-11,71,-23,67,-28,65,6,80,2,80,-7,78,-13,74,-7,79,-1,83,4,85,6,85,5,84,1,84,-2,83,-8,81,-13,81,-17,83,-23,84,-27,84,-29,82,-30,79,-29,75,-28,72,-6,81,17,63,12,68,-1,78,4,77,8,75,13,76,22,75,25,75,28,74,31,74,32,72,32,68,30,63,26,62,21,63,-6,45,-36,41,-12,45,11,33,1,39,10,13,7,83,-16,80,-3,82,-7,81,-15,78,-8,82,-4,85,1,88,4,87,4,87,0,86,-3,84,-9,84,-31,84,29,66,27,62,5,74,8,73,15,62,10,72,0,81,2,80,7,78,11,76,16,73,20,76,23,79,26,78,28,76,30,76,32,73
6,34,13,22,-9,7,-3,6,-1,0,-9,-1,-7,28,-5,27,-11,27,-3,34,0,36,-4,37,-5,35,-5,37,-5,38,-6,37,-6,36,-7,33,-7,36,-6,37,-7,36,-9,38,-6,36,-6,37,-7,37,-9,37,-9,35,-9,34,-8,35,-10,34,13,32,14,33,9,35,10,33,9,33,10,34,10,33,9,35,8,34,8,32,8,34,8,34,7,33,7,35,8,35,-13,3,-32,-6,-2,0,-10,-13,1,-12,6,-27,-2,36,-1,36,-4,37,-7,37,-7,37,-7,37,-8,36,-9,37,-9,36,-7,37,-6,38,-7,38,-8,39,-8,38,9,33,7,32,9,32,9,34,10,35,9,38,8,34,6,33,7,35,9,34,8,33,9,33,7,35,5,36,8,34,6,34,8,33
0,58,14,40,-13,28,-11,25,-20,20,-24,21,-15,46,-16,43,-11,47,3,56,4,58,-1,57,-8,58,-11,59,-12,60,-13,60,-11,59,-10,59,-8,61,-4,60,-2,58,-5,60,1,60,0,60,-1,59,-3,63,-4,62,-2,60,-1,59,-3,57,8,55,13,55,11,58,9,59,5,58,3,58,1,56,1,57,2,58,3,59,2,59,2,59,0,57,1,57,3,57,-7,26,-26,20,0,25,-7,18,-18,25,1,0,3,60,5,60,3,59,-1,58,-7,60,-10,60,-15,61,-15,62,-15,62,-11,62,-9,62,-6,62,-4,60,-4,62,2,55,0,54,1,57,2,57,6,58,9,59,11,60,6,60,3,59,2,58,1,58,-1,58,-1,58,0,59,2,59,2,59,2,59
5,81,11,52,-4,47,-13,50,-8,45,-12,44,-28,67,-23,66,-28,64,7,80,2,79,-8,77,-16,75,-20,80,-23,81,-26,79,-28,78,-29,75,-28,73,-26,71,-10,76,-19,71,-19,75,-12,79,-7,83,-2,84,2,83,3,83,0,82,-7,79,17,74,23,74,31,70,30,67,30,67,26,67,19,74,13,77,6,81,1,82,-1,82,2,80,6,78,10,78,14,78,8,49,-13,40,15,42,10,33,1,39,12,18,8,84,3,83,-3,81,-21,71,-18,78,-19,82,-26,82,-28,82,-31,81,-23,80,-26,70,-8,80,-10,80,-3,86,0,78,1,78,6,77,10,76,14,77,17,79,30,74,29,70,29,70,25,69,21,71,19,76,13,77,8,81,3,83,0,83,2,82
