9,-14,10,-14,10,-14,9,-14,8,-15,10,-12,-4,-16,-5,-16,-7,-14,-8,-14,-6,-15,-6,-15,-6,-15,-6,-15,-7,-15,-7,-15,8,-15,7,-15,7,-15,6,-15,7,-14,-7,-15,-7,-15,-7,-15,-6,-16,-6,-15
0,0,0,0,0,0,0,0,0,0,0,0,0,0,0,0,0,0,0,0,0,0,0,0,0,0,0,0,0,0,0,0,0,0,0,0,0,0,0,0,0,0,0,0,0,0,0,0,0,0,0,0
-7,4,-6,4,-7,4,-6,5,-6,4,-1,7,-3,4,-3,4,1,2,-2,3,0,5,2,5,6,4,6,4,7,3,7,3,-7,6,-6,4,-5,4,-7,7,-6,3,0,4,2,3,4,4,2,5,-3,5
-14,19,-14,19,-13,20,-11,21,-10,21,-5,22,-3,16,-1,17,2,13,0,14,0,17,12,13,12,14,13,15,12,14,13,15,-9,23,-9,22,-9,20,-9,21,-14,18,9,14,10,14,6,17,3,18,0,17
-2,26,1,26,2,26,4,26,6,23,4,23,-10,17,-9,18,-5,14,-7,14,-8,17,-8,17,-6,17,0,16,2,16,3,18,4,23,5,24,4,24,3,25,-1,26,-9,17,-8,17,-6,17,-8,18,-8,20
3,2,2,2,1,2,1,3,2,2,-6,2,6,7,6,6,4,7,5,5,3,7,2,9,2,6,0,7,-2,7,-2,6,3,3,3,3,0,3,2,4,4,2,3,6,3,6,1,6,3,6,5,5
-1,13,-2,13,-3,15,-3,14,-2,15,-11,14,4,22,3,21,9,24,10,23,2,24,0,24,-1,22,-1,22,-2,21,-1,21,-1,16,-1,17,-4,16,-1,16,-1,12,3,24,2,23,2,23,4,22,4,22
7,16,7,16,5,17,4,19,4,22,0,20,-10,19,-10,20,-4,26,-4,26,-9,20,-10,19,-10,18,-10,19,-11,18,-10,19,3,21,4,22,3,21,3,22,6,14,-10,21,-10,20,-11,20,-10,21,-9,23
-5,30,-6,31,-6,31,-7,30,-7,29,-6,31,-8,32,3,32,-1,31,1,30,0,33,-6,38,3,36,4,35,4,33,4,32,-9,33,-9,31,-6,30,-8,30,-5,32,1,30,4,33,3,34,3,31,-2,29
3,49,1,48,2,48,1,46,0,45,-1,46,-11,47,3,49,-10,46,3,47,0,47,-1,48,7,50,-4,47,11,50,-4,45,-12,50,-11,50,3,45,-3,47,1,47,-9,47,8,49,7,51,5,51,-6,46
3,68,6,66,3,66,0,64,-6,61,1,63,-17,60,20,60,9,63,12,63,10,55,3,58,15,65,-6,61,22,64,-7,63,-24,65,-27,62,4,64,-22,59,3,64,-9,63,20,66,20,65,21,63,-4,64
-3,29,-3,29,-6,30,-6,28,-5,27,-10,29,2,33,-4,32,2,32,2,32,-1,35,0,38,-4,37,-3,35,-3,35,2,32,-1,32,-2,31,-8,29,-3,30,-2,31,1,32,-3,34,-5,35,-1,32,0,30
-14,47,-13,47,-11,46,-7,46,-4,43,-2,44,6,48,-11,47,-10,46,-11,46,-1,49,4,50,-1,51,-3,50,-4,48,8,51,6,45,3,46,-6,48,3,45,-14,45,5,50,-8,48,-8,48,-6,47,0,50
-25,61,-29,58,-27,53,-27,52,-23,50,1,62,19,63,-16,60,-1,64,-8,66,7,62,12,63,1,62,-5,62,-8,61,23,63,6,62,6,65,-25,60,0,62,-29,54,16,67,-10,64,-11,64,-7,65,18,62
