4,-14,4,-15,-3,-13,-3,-14,-2,-13,-3,-14,-2,-13,-2,-14,-2,-14,-4,-3
0,0,0,0,0,0,0,0,0,0,0,0,0,0,0,0,0,0,0,0
-6,5,-5,5,5,2,6,2,6,2,6,1,6,2,6,0,6,1,3,-10
-9,16,-8,17,8,11,8,10,10,11,9,11,10,11,9,9,9,10,-3,-15
3,15,2,15,2,12,3,10,3,11,3,11,4,10,4,8,3,9,-4,-41
3,1,3,1,-4,4,-5,4,-6,3,-4,3,-4,4,-5,3,-5,3,-2,-12
3,10,1,11,-7,14,-7,14,-9,13,-4,14,-5,15,-7,12,-7,13,-1,-17
6,12,6,12,-5,15,-6,14,-3,12,-7,15,-5,14,-4,11,-5,13,1,-40
-5,26,-5,26,5,27,5,26,4,24,5,25,5,24,6,23,6,24,0,-28
-6,40,-8,40,7,44,6,42,0,37,6,41,8,42,7,40,6,40,-2,-16
-11,54,-14,54,13,60,14,57,-4,49,8,59,10,60,12,57,13,54,-4,-6
3,27,2,26,-3,27,-3,27,-3,24,-3,25,-3,25,-2,24,-2,25,-3,-28
4,42,4,44,-5,43,-5,43,0,39,-5,41,-4,42,-3,39,-3,40,-1,-14
1,58,4,61,-8,57,-8,55,9,55,-3,57,-5,58,-6,52,-5,52,5,1
