-5,-13,-4,-12,-4,-12,5,-12,5,-12,3,-12,3,-12,3,-12,4,-12,-4,-13,-4,-13,-3,-13,3,-12,2,-13,2,-14,2,-13,4,-12
0,0,0,0,0,0,0,0,0,0,0,0,0,0,0,0,0,0,0,0,0,0,0,0,0,0,0,0,0,0,0,0,0,0
-6,2,-6,3,-6,2,4,4,4,4,6,5,7,5,7,5,3,3,-6,3,-7,3,-6,2,6,5,6,4,6,3,7,3,4,3
-5,10,-7,12,-7,12,3,17,2,16,5,17,6,17,6,16,2,13,-7,14,-8,14,-8,11,6,16,6,15,6,14,7,15,3,11
-8,14,-7,13,-7,14,-1,17,-2,15,-1,15,1,16,1,15,-2,14,0,15,-7,12,-8,12,6,16,2,14,2,13,2,15,-3,12
7,1,7,2,7,2,-7,3,-7,2,-8,3,-8,4,-7,3,-7,2,7,2,7,2,7,2,-7,2,-8,2,-8,1,-7,2,-6,3
15,11,15,12,15,12,-13,13,-13,13,-14,13,-13,14,-12,13,-12,12,15,12,15,12,15,12,-14,11,-13,11,-13,11,-12,12,-11,13
7,17,7,18,8,18,-6,16,-6,14,-7,15,-6,16,-6,15,-6,13,9,17,9,18,8,18,-7,15,-7,14,-7,13,-6,15,-3,13
0,25,-1,25,-2,25,-1,27,-1,26,-3,26,-1,25,0,25,-1,25,-1,26,-3,25,-3,25,-2,27,-2,26,-1,25,0,23,1,26
2,39,3,40,2,40,4,44,2,42,-5,43,-3,42,-2,42,2,40,3,42,1,40,0,40,-3,43,-6,43,-5,42,-1,40,5,41
10,56,12,55,12,53,3,61,4,59,-11,61,-13,56,-12,52,0,56,10,57,10,54,10,51,-11,61,-15,60,-15,57,1,54,0,56
5,24,6,25,5,25,-9,26,-10,25,-9,25,-7,24,-6,24,-9,25,4,26,4,25,4,24,-8,26,-7,25,-8,23,-7,23,-7,25
0,39,-1,41,0,41,-11,46,-12,44,-6,41,-4,41,-3,41,-12,41,-1,43,0,41,0,41,-4,42,-2,40,-4,40,-3,40,-9,42
1,57,-2,61,-5,62,-15,65,-17,60,-10,58,-2,56,-1,56,-17,57,-1,61,-4,61,-4,61,-9,58,-2,56,-1,55,-14,53,-13,57
