6,-15,6,-15,6,-15,7,-15,7,-15,9,-14,8,-14,7,-15,8,-15,7,-15,6,-15,5,-16,8,-15,6,-15,4,-16,6,-16,7,-15,2,-16,2,-16,4,-16,1,-16,5,-15,4,-15,5,-15,-7,-13,-7,-14,-6,-15,-7,-14,-6,-15,-5,-15,-5,-15,-6,-15,-6,-15,-6,-15,-5,-16,-6,-15,-6,-15,-5,-16,-7,-16,-5,-16,-6,-15,-6,-15,-6,-16,-6,-15,-6,-16,-6,-15,7,-15,8,-14,9,-15,9,-14,8,-14,9,-15,10,-14,9,-14,9,-14,9,-14,9,-14,9,-14,9,-15,7,-15,5,-16,7,-14,6,-16,5,-16,4,-16,3,-16,5,-15,-7,-15,-6,-15,-6,-14,-7,-14,-6,-15,-7,-15,-6,-16,-6,-15,-5,-15,-6,-15,-7,-14,-8,-15,-6,-16,-6,-15,-6,-16,-6,-15,-6,-16,-7,-16,-5,-16,-5,-16,-6,-15,-5,-16,-4,-16
0,0,0,0,0,0,0,0,0,0,0,0,0,0,0,0,0,0,0,0,0,0,0,0,0,0,0,0,0,0,0,0,0,0,0,0,0,0,0,0,0,0,0,0,0,0,0,0,0,0,0,0,0,0,0,0,0,0,0,0,0,0,0,0,0,0,0,0,0,0,0,0,0,0,0,0,0,0,0,0,0,0,0,0,0,0,0,0,0,0,0,0,0,0,0,0,0,0,0,0,0,0,0,0,0,0,0,0,0,0,0,0,0,0,0,0,0,0,0,0,0,0,0,0,0,0,0,0,0,0,0,0,0,0,0,0,0,0,0,0,0,0,0,0,0,0,0,0,0,0,0,0,0,0,0,0,0,0,0,0,0,0,0,0,0,0,0,0,0,0,0,0,0,0,0,0,0,0,0,0
-5,5,-4,4,-4,4,-5,4,-4,3,-3,3,-4,3,-4,3,-3,4,-4,5,-2,5,-3,4,-2,6,-2,5,-2,5,-1,5,0,5,-1,5,-1,5,-2,6,-3,5,-2,3,-1,3,-3,3,1,4,1,4,1,4,0,4,0,3,-1,3,1,3,1,3,1,3,2,5,2,4,2,4,2,4,1,5,3,3,2,4,2,4,0,4,1,4,1,5,1,5,0,4,-5,5,-5,5,-4,5,-4,4,-5,4,-4,3,-4,3,-5,3,-6,3,-4,3,-5,3,-4,4,-3,4,-1,6,-1,5,0,6,-1,4,-1,5,-1,5,-2,3,-3,4,1,5,2,4,1,4,0,5,1,4,1,5,1,4,0,3,1,2,1,3,1,2,1,3,3,3,2,4,3,4,3,3,3,4,3,4,3,3,3,3,1,4,1,4,1,4
-11,21,-10,19,-11,20,-14,18,-15,16,-17,15,-18,15,-16,15,-15,16,-13,19,-6,19,-4,18,-2,20,-4,19,-4,22,-4,20,-1,20,-5,21,-4,20,-6,18,-7,18,-8,15,1,18,-11,15,5,16,5,16,4,15,4,14,3,14,1,14,2,16,3,17,4,17,5,18,8,17,10,16,11,16,8,17,10,15,7,17,5,18,3,17,1,15,1,20,3,20,2,17,-11,21,-12,21,-12,20,-14,19,-16,18,-18,16,-18,15,-19,15,-18,14,-1,20,-17,17,-15,19,-10,17,-3,21,-3,19,-2,20,-2,19,-3,17,-4,19,-6,17,-10,17,2,16,4,17,4,16,4,17,3,15,4,16,3,15,3,17,1,14,3,16,4,16,4,18,11,16,11,16,12,15,11,16,11,16,10,16,10,16,7,18,2,18,2,18,3,16
1,23,-2,30,3,23,-1,26,-3,26,-9,26,-11,24,-3,21,-4,26,-1,25,1,25,2,23,5,22,-3,30,-5,39,-3,32,1,33,-5,34,3,25,1,24,3,24,1,24,2,29,-2,25,-4,19,-4,18,-4,17,-3,18,-4,18,-5,19,-3,21,-3,22,-2,20,-3,20,-5,18,0,20,-1,19,-4,18,-1,19,-5,20,-4,22,-4,21,-6,20,-6,20,-6,19,-6,19,2,23,2,24,0,24,-1,26,-3,27,-4,21,0,20,-5,19,-5,19,1,18,-6,24,-2,25,1,23,6,23,5,21,5,24,1,28,-1,26,-4,31,0,23,-2,26,-3,20,-3,20,-4,20,-5,19,-4,18,-4,18,-4,19,-4,20,-5,21,-3,23,-2,22,-5,21,-4,20,-2,19,-3,19,0,20,0,21,0,21,0,23,-2,24,-5,22,-6,20,-5,19
1,5,1,5,0,5,0,4,0,4,0,3,-1,4,0,4,-1,3,0,4,-1,5,-2,4,-4,3,-5,3,-4,4,-4,4,-5,4,-1,4,-1,4,-2,5,0,4,-2,3,-2,4,-1,3,4,3,3,2,4,2,3,3,3,2,2,2,3,2,2,4,2,3,2,5,2,5,1,5,2,5,2,5,-1,4,1,4,1,5,1,4,2,4,2,5,1,4,1,4,0,5,-1,5,-1,4,-1,4,-1,5,-1,3,0,3,-1,4,0,4,-1,4,-1,4,-1,4,-1,4,-4,5,-4,3,-5,3,-5,2,-2,4,-1,4,-1,3,-1,4,1,2,3,3,4,4,3,4,3,2,4,4,3,3,3,3,2,2,3,3,1,2,2,4,2,4,1,4,1,5,1,4,0,4,1,5,1,4,2,4,2,5,3,4,2,4
-1,17,1,18,0,19,-3,17,-4,16,-5,14,-6,13,-4,16,-5,14,-2,17,-2,17,-3,18,-5,16,-11,15,-9,17,-11,15,-10,15,-2,18,-3,18,-5,17,2,18,-5,15,-7,16,-3,16,17,14,16,13,16,12,14,14,8,13,10,13,11,17,10,21,7,20,4,20,5,21,3,21,3,21,4,21,1,19,7,20,6,20,7,20,9,18,11,19,12,18,12,18,-5,18,-5,18,-7,18,-7,17,-6,19,-6,18,-6,17,-7,17,-4,17,-4,17,-4,14,-6,16,-5,16,-10,16,-14,13,-13,15,-13,14,-4,16,-3,18,-3,16,-2,16,10,18,15,16,17,15,16,14,16,13,9,15,7,16,8,16,13,16,12,20,7,19,6,22,6,20,5,20,5,20,5,20,5,19,7,18,9,18,8,19,10,18,12,18,13,18
5,21,4,29,6,22,4,24,1,23,-1,22,-4,23,3,21,2,19,2,22,5,22,6,21,1,21,-6,27,-3,30,-5,28,-3,27,3,24,5,22,3,20,7,20,3,19,7,19,1,21,9,23,10,23,-1,16,2,18,3,18,4,19,2,21,-1,24,-2,22,-6,21,-6,19,-6,20,-6,19,-5,19,-6,19,-5,22,-5,24,-3,24,-2,25,0,25,1,26,2,25,4,22,3,23,1,23,0,24,3,23,4,20,3,20,3,20,4,19,4,18,3,18,2,20,1,21,0,21,-4,21,-4,22,-4,25,-2,25,-3,30,-1,22,2,21,-1,22,4,22,6,22,8,23,6,19,1,18,1,18,4,22,3,21,0,25,1,23,-6,23,-6,21,-5,21,-5,20,-5,21,-5,21,-5,23,-3,25,-2,27,0,27,3,27,4,26
-10,27,-9,27,-9,30,-9,28,-8,29,-5,30,-5,34,-6,31,-5,31,-7,27,-6,27,-6,30,-6,30,-7,32,-6,31,-4,32,-4,32,-6,30,-6,30,-3,30,-7,28,-3,28,-2,30,-4,31,5,27,6,29,5,31,3,32,4,30,4,29,5,28,3,29,1,29,1,33,0,34,-1,35,0,35,1,33,1,31,3,30,2,30,3,30,4,31,4,33,3,35,2,35,-9,33,-9,35,-8,34,-8,29,-8,30,-5,32,-6,32,-6,35,-6,35,-5,36,-5,35,-5,33,-6,28,-6,34,-6,31,-4,33,-4,33,-4,30,-5,30,-4,29,-4,32,-2,31,6,29,5,28,4,30,4,30,3,32,3,31,3,32,4,30,3,30,3,30,2,31,1,32,1,35,1,34,1,34,1,32,1,30,3,30,5,29,4,32,4,33,5,34
-15,54,-11,55,-8,54,-4,53,-2,53,2,53,1,54,-11,53,-7,52,-5,52,-1,52,-3,50,-8,52,-12,53,-12,50,-12,53,-8,53,-5,49,-4,50,-2,50,-3,50,0,50,1,51,0,52,4,51,7,51,9,52,7,51,6,51,1,49,-2,49,-1,50,-6,52,-7,52,-6,51,-7,53,-5,53,-5,52,-6,51,-4,50,-6,52,-4,53,-2,54,3,56,6,57,7,56,-14,56,-10,56,-7,54,-3,54,-3,55,0,55,3,54,1,55,1,57,1,56,-9,55,-5,54,0,54,-11,55,-12,54,-11,55,-10,54,-6,53,-2,51,0,49,2,50,-6,51,0,51,3,53,5,53,7,52,6,53,5,52,2,51,1,50,-3,51,-5,53,-7,52,-6,51,-6,53,-5,53,-4,52,-5,53,-6,52,-5,50,-3,53,2,55,5,56,8,55
3,73,2,73,-23,66,-6,69,-11,72,-6,75,-1,76,-24,70,-25,67,-24,65,-7,71,-12,70,-19,73,-23,73,-25,72,-26,69,-24,68,-5,69,-22,65,-14,66,-13,68,-7,70,1,71,5,70,13,69,15,69,19,70,-7,74,22,65,21,63,1,69,6,65,8,67,2,70,-1,71,-7,75,-9,74,-10,73,-9,74,-4,72,-2,71,7,72,10,73,14,75,18,76,22,76,-23,74,-25,71,-3,74,-22,69,-13,74,-12,74,-7,75,0,79,4,79,6,77,-26,68,-26,67,-5,74,-22,74,-25,74,-24,73,-26,71,-23,65,-20,65,-13,66,-6,70,-3,69,7,68,12,71,14,71,17,72,20,71,21,67,20,66,19,63,13,63,11,67,3,69,0,70,-3,74,-7,74,-9,74,-8,76,-6,74,-1,71,3,72,13,74,17,75,22,76
-4,28,-1,29,-3,30,-3,29,-3,29,-6,30,-7,34,-1,31,-1,30,-3,27,-5,27,-5,30,-2,31,-4,32,-5,30,-4,32,-3,31,-5,29,-7,30,-4,31,-6,28,-8,28,-8,30,-8,30,6,26,6,29,5,31,4,32,4,30,4,29,5,28,4,29,4,30,4,33,3,35,1,36,2,35,1,34,0,32,3,30,2,30,3,30,4,31,3,33,1,35,1,35,-2,33,-2,35,-3,34,-4,29,-4,30,-6,32,-6,32,-8,34,-7,35,-5,36,-2,34,-2,32,-4,28,-3,34,-4,31,-4,32,-3,32,-3,30,-3,30,-5,29,-7,32,3,31,8,29,6,28,4,30,4,30,3,32,3,31,3,32,4,30,4,31,4,30,5,31,4,32,3,35,3,35,2,34,2,33,1,31,3,30,5,29,3,32,3,33,2,34
2,51,2,52,2,51,0,51,-1,52,-8,54,-11,55,0,54,1,52,0,52,-3,50,-3,49,2,50,0,49,-1,48,-1,50,0,50,-3,48,-3,49,-3,49,-7,49,-11,50,-12,51,-14,51,-2,52,-4,52,-3,52,-3,52,-3,53,-3,51,-4,50,-4,51,0,55,3,56,7,55,7,56,9,56,7,55,2,55,-3,51,-5,53,-6,55,-7,54,-8,53,-8,56,-9,58,1,54,1,54,1,53,1,53,-2,54,-6,54,-9,56,-12,57,-14,57,-13,57,1,55,2,54,-1,52,1,50,0,50,1,51,0,50,0,50,1,49,-1,48,-8,51,1,52,0,52,-3,54,-4,53,-3,53,-4,54,-3,52,-3,52,-3,50,-4,53,-3,54,1,55,4,53,7,57,9,57,7,57,6,57,1,56,-3,53,-4,55,-7,54,-8,54,-7,57
3,73,2,73,-1,71,-5,70,-10,70,-18,73,-21,74,3,75,1,75,-3,73,-20,64,-18,64,-6,70,-3,70,-1,70,1,71,1,70,-5,68,-9,68,-11,65,-16,66,-20,69,-22,69,-26,68,6,72,0,74,-4,74,-7,74,-6,75,-4,73,0,72,2,71,8,71,14,73,18,73,20,76,23,75,25,73,-9,74,-3,73,0,73,7,73,4,77,0,76,-8,78,-13,79,3,76,2,76,-3,74,-7,72,-11,73,-17,74,-20,74,-22,76,-26,76,-26,72,3,77,-1,76,-22,65,-2,71,2,71,4,72,3,70,-1,70,-4,69,-9,66,-16,69,0,69,10,69,8,73,3,74,-3,76,-7,76,-8,76,-6,76,-3,73,1,72,4,73,10,73,15,73,19,75,22,75,22,73,23,70,24,69,0,73,17,69,7,76,-3,76,-8,78
