14,-11,13,-13,11,-14,11,-14,12,-13,10,-14,-13,-12,-12,-13,-12,-13,11,-14,12,-13,11,-13,11,-13,10,-14,10,-15,10,-15,10,-14,10,-14,-16,-9,-15,-9,-14,-11
0,0,0,0,0,0,0,0,0,0,0,0,0,0,0,0,0,0,0,0,0,0,0,0,0,0,0,0,0,0,0,0,0,0,0,0,0,0,0,0,0,0
-6,3,-4,3,-4,4,-3,4,-4,3,1,8,5,4,6,3,5,4,-3,3,-4,4,-3,5,-3,4,-2,4,0,6,-4,4,0,5,0,6,4,3,2,2,9,1
-15,13,-12,16,-14,17,-10,14,-14,14,1,23,9,19,13,18,10,18,-15,10,-12,15,-10,17,-12,18,-1,17,0,21,-14,15,-4,23,2,23,9,16,9,14,22,11
-5,21,-4,22,-7,28,-2,22,-2,24,3,18,-2,21,0,22,-3,24,-1,14,0,21,-2,22,-4,29,1,16,-3,28,-1,21,5,23,6,22,12,31,0,17,10,19
-4,3,-5,2,-5,3,-4,3,-2,4,-9,2,5,4,4,5,2,4,-5,2,-5,3,-5,3,-4,4,-5,3,-5,3,-3,4,-6,3,-7,3,9,2,8,2,7,1
-14,13,-12,15,-16,17,-8,15,-10,16,-20,12,11,21,13,20,8,19,-15,10,-13,14,-9,16,-9,16,-13,15,-10,16,-12,15,-15,14,-17,14,19,15,21,15,22,12
-4,21,-4,22,-7,25,-1,21,-1,22,-11,17,0,22,2,24,-3,25,-5,18,-3,21,-3,21,-2,22,-5,20,-7,27,0,20,-4,22,-7,20,8,19,8,24,5,19
-15,33,-15,33,-11,33,-11,33,-12,33,-15,32,11,35,10,34,7,35,-17,31,-12,33,-13,33,-13,34,-9,33,-8,34,-7,33,-7,34,-8,33,10,31,9,32,11,33
-4,54,-5,53,-3,57,0,56,-1,56,-12,59,14,59,12,60,9,60,-1,52,-3,55,-18,57,-5,56,-3,57,-2,56,1,56,2,55,-2,57,-1,55,18,55,15,60
-10,78,-15,76,-3,82,-7,79,-12,78,-25,78,-12,80,29,50,30,49,-10,74,-4,79,-8,77,-14,77,1,80,0,79,-3,79,-7,77,-13,77,-7,80,-8,80,33,81
-18,33,-16,32,-15,33,-15,33,-15,33,-15,31,3,36,5,34,6,36,-15,32,-15,32,-11,32,-13,33,-16,31,-14,32,-13,33,-12,33,-12,33,15,30,10,33,10,34
-3,54,-6,52,-21,58,-18,57,-13,57,-5,53,-7,57,-8,57,-6,58,-1,52,-23,57,-3,53,-8,56,-21,55,-19,56,-16,56,-12,56,-4,55,21,54,0,56,-4,54
-10,78,-15,76,-4,81,-28,52,-33,46,-29,51,-12,80,-8,81,0,82,-11,74,-5,79,-9,77,-14,75,-34,59,-32,53,-29,51,-31,46,-13,75,-8,80,-9,81,5,77
