-5,-18,-6,-13,-3,-18,4,-20,2,-18,1,-20,0,-16,-5,-21,-3,-16,2,-17
0,0,0,0,0,0,0,0,0,0,0,0,0,0,0,0,0,0,0,0
1,0,-1,4,-1,3,-8,3,5,4,-2,1,-3,2,-8,-6,-3,3,0,2
0,13,-3,16,1,17,9,15,11,17,-4,14,-1,13,-9,-3,-3,12,1,14
-9,14,-12,23,-13,20,-13,17,10,21,8,21,9,19,-16,-4,-10,14,12,20
-4,3,0,5,0,5,7,5,-5,6,0,2,-1,1,9,-1,-2,5,-2,2
-5,15,-1,21,2,20,9,14,-8,14,-5,13,-3,9,2,3,5,20,-4,13
-15,16,-14,25,-14,21,-1,18,-1,18,4,22,1,16,4,0,-12,15,0,21
0,26,-6,29,0,27,1,28,2,29,-2,25,-3,21,-9,9,-1,26,-1,24
-5,41,-9,50,-5,46,5,46,5,48,4,45,6,38,-13,25,-7,41,6,39
16,50,-10,70,1,65,10,69,7,67,1,64,7,60,-17,45,-4,60,6,60
0,26,-2,29,3,27,-3,27,-3,29,0,25,-3,20,-3,9,2,26,-4,22
-7,42,3,50,-4,47,-10,47,-6,48,4,44,-9,39,-13,25,-6,42,-5,39
-2,59,22,47,22,43,11,66,-26,46,1,64,-29,39,-17,44,-4,60,-24,37
