-3,-15,-4,-15,-4,-15,-2,-16,-3,-15,-2,-15,-3,-15,6,-16,5,-15,3,-16,3,-16,-5,-15,-5,-15,-3,-16,-5,-15,-4,-15,-3,-15,6,-14,7,-15,6,-15,5,-15
0,0,0,0,0,0,0,0,0,0,0,0,0,0,0,0,0,0,0,0,0,0,0,0,0,0,0,0,0,0,0,0,0,0,0,0,0,0,0,0,0,0
-2,4,1,5,4,3,4,2,3,2,3,3,0,4,-3,3,-2,5,2,4,2,6,-1,3,0,5,5,2,4,3,1,3,0,5,1,4,0,5,-3,3,-2,3
1,16,3,17,12,11,11,11,9,11,9,13,-1,13,-14,14,-10,17,2,18,1,19,1,14,2,16,13,12,13,13,11,14,4,16,0,18,-1,18,-10,14,-9,14
-3,20,-4,19,3,15,3,14,1,13,-2,14,-6,14,-8,24,-6,27,9,18,8,19,-2,22,-4,20,14,22,11,23,8,22,-4,19,6,16,6,19,3,21,1,21
4,5,2,5,-2,5,-3,4,-1,3,0,4,3,4,2,2,0,3,-4,3,-4,3,3,5,3,6,-5,5,-3,4,3,3,3,5,-4,3,-3,3,-2,3,-2,3
10,19,6,19,-1,18,-4,16,-4,16,-4,16,8,13,-1,10,-3,12,-5,15,-10,14,6,19,5,20,-5,17,-6,16,11,13,10,16,-12,11,-11,12,-8,14,-8,14
-2,21,-5,21,-9,15,-6,15,-6,14,-4,15,-2,15,5,13,4,13,5,17,-1,17,-1,25,-5,21,0,21,-5,18,9,23,-3,21,-2,16,-1,17,0,19,-2,20
4,30,4,27,3,30,2,29,2,30,0,29,-1,29,-5,29,-7,28,-4,29,-3,30,6,28,5,27,4,28,2,28,3,29,1,27,-4,29,-3,30,-4,28,-5,29
8,49,3,48,11,49,9,48,6,49,3,51,-6,47,5,45,1,46,9,44,7,46,11,47,6,48,11,49,7,50,3,51,-6,46,8,45,8,46,5,46,4,47
-7,68,27,51,23,67,28,59,26,55,-12,66,-6,67,3,65,-5,65,10,66,12,67,23,48,28,49,30,50,26,47,25,46,0,66,7,66,9,68,6,68,-1,68
2,30,2,28,-2,30,-3,30,-3,30,-1,29,0,29,-4,28,-7,27,-10,28,-8,30,5,28,5,28,0,29,0,28,1,29,3,27,-10,29,-9,29,-9,27,-9,29
-9,49,-8,47,-13,42,-11,48,-10,46,-10,46,-6,48,-10,47,-5,46,-16,43,-18,47,-6,46,-4,47,-10,45,-10,44,-10,44,-5,47,-19,46,-17,47,-15,49,-12,50
-8,69,-3,66,-8,62,-15,65,-16,66,24,51,20,51,-29,43,-25,44,-24,49,-28,50,-3,65,4,65,-17,65,-14,65,-8,65,20,49,-27,45,-27,45,-29,45,-30,46
