-5,-14,-5,-14,-3,-3,5,-14,5,-13,5,-13,-5,-12,-5,-13,0,10,6,-13,6,-14,4,-14
0,0,0,0,0,0,0,0,0,0,0,0,0,0,0,0,0,0,0,0,0,0,0,0
6,3,3,3,-1,2,-1,3,4,4,2,6,0,3,0,2,-5,3,0,3,0,4,-2,3
15,14,11,16,2,17,-5,14,2,16,1,20,2,13,4,15,-1,9,-3,17,-5,15,-9,15
14,24,0,21,-8,19,2,16,8,16,9,20,-7,16,-5,19,-5,16,6,21,1,24,-2,30
-4,2,0,3,-1,2,-1,2,-4,0,-6,2,1,3,1,2,-3,-7,-3,2,-2,3,0,3
-4,15,1,17,5,17,-3,11,-12,10,-13,11,12,15,9,16,-1,6,-12,12,-9,13,-3,14
-2,17,-6,23,-1,1,4,16,-5,14,-5,16,3,25,-4,21,1,19,-4,18,-4,22,-1,23
7,27,5,26,6,29,-8,24,-6,27,-3,29,3,28,4,25,2,18,-6,27,-6,27,-1,29
9,49,-3,44,10,48,1,42,-13,46,5,46,10,48,5,47,-7,38,1,44,2,45,7,46
27,45,0,64,23,66,-2,61,-27,53,11,64,27,52,-7,64,-6,57,5,63,2,64,10,65
3,27,5,27,2,29,-10,23,-2,27,-8,29,5,28,5,25,-1,18,-11,26,-10,27,-4,28
-6,44,-2,45,-12,45,-12,44,7,43,-11,49,-5,47,-5,45,-9,39,-15,47,-11,48,-7,45
-6,64,27,46,-5,66,-32,42,11,63,-27,50,-9,66,-7,66,-5,58,-30,51,-28,47,-27,45
