-6,-10,-9,-9,-7,-14,7,-15,8,-11,6,-12,8,-10,8,-12,7,-14,-6,-14,-6,-14,-5,-13,-6,-13,1,1,-6,-13,-6,-15,-7,-13,8,-16,8,-11,6,-12,8,-14,7,-15,7,-14,7,-12
0,0,0,0,0,0,0,0,0,0,0,0,0,0,0,0,0,0,0,0,0,0,0,0,0,0,0,0,0,0,0,0,0,0,0,0,0,0,0,0,0,0,0,0,0,0,0,0
-1,3,3,1,5,2,2,6,4,5,2,6,1,3,4,5,2,6,-2,4,4,3,-3,3,-2,2,-9,-9,-1,3,-1,2,4,4,-1,4,4,1,3,4,0,6,1,5,1,4,1,4
1,11,-1,3,0,13,0,19,3,19,2,17,-1,16,3,15,3,18,0,14,6,14,6,15,0,13,5,-9,7,13,8,15,3,13,0,19,3,12,2,16,-2,17,-2,18,-2,17,-5,15
-2,20,-9,-12,-5,18,-3,30,0,28,2,26,7,22,4,24,0,26,-6,17,1,20,-1,19,-5,18,-14,-7,0,19,2,23,-2,20,-9,31,4,-10,0,25,8,20,6,23,6,24,2,25
2,1,-4,-6,0,3,-8,4,-8,4,-5,3,-4,2,-7,1,-7,1,4,3,-1,4,3,2,3,2,-4,0,2,2,2,1,0,2,-6,5,-7,2,-6,2,-5,2,-5,3,-5,2,-4,1
11,12,-2,-7,-4,16,-13,17,-11,17,-10,14,-9,10,-12,7,-12,9,6,14,-1,15,7,15,6,15,4,-10,11,13,9,14,-4,1,-12,17,-11,15,-9,13,-11,11,-13,10,-10,11,-9,11
4,21,-7,-13,-3,18,-11,30,-7,27,-5,24,0,20,-5,19,-3,0,-6,18,-3,20,-2,22,-2,21,-8,-24,-2,-2,-2,1,-4,-1,-10,28,-7,27,-7,23,-1,18,-4,18,-2,20,-3,21
7,25,2,15,7,24,-4,29,-1,25,-6,26,-7,28,-4,26,-4,28,0,30,7,28,7,28,0,26,2,1,4,28,8,26,7,24,-3,26,-1,21,-3,24,-6,29,-5,30,-5,29,-6,27
13,44,5,33,2,44,2,45,5,43,0,45,-15,48,-12,47,0,46,-7,47,10,48,7,47,-5,44,6,23,13,46,10,45,7,46,2,44,4,42,3,43,2,46,1,48,1,48,2,43
31,42,5,33,20,46,6,66,2,63,-6,63,7,67,-28,44,-6,63,-13,63,30,49,27,47,2,61,22,28,-8,65,-1,-2,27,41,5,65,3,63,-3,61,2,66,4,67,3,67,-1,63
2,26,-5,15,5,24,-11,28,-9,24,-9,24,-3,28,-8,25,-10,27,6,30,0,29,1,28,4,27,-8,1,3,28,2,26,0,25,-10,26,-9,21,-9,23,-7,28,-10,28,-9,27,-7,26
-5,44,-11,33,1,48,-16,44,-11,43,-8,44,3,47,4,43,-8,48,14,49,-7,45,-8,43,0,47,-12,25,-4,48,-4,45,-5,46,-14,42,-11,42,-8,43,2,46,-16,48,-14,48,-11,48
-10,63,-9,52,11,65,-30,41,-30,36,-29,38,7,67,3,64,-29,42,-14,64,-10,63,-3,61,2,62,-18,43,-8,66,-3,64,2,63,-28,43,-27,40,-29,39,2,65,-31,52,-31,48,-2,63
