-7,-15,-5,-16,-7,-15,-5,-16,-6,-16,-5,-15,-5,-16,7,-16,5,-15,6,-16,7,-16,7,-15,7,-16,6,-15,-7,-15,-8,-15,5,-15,6,-15,5,-17,6,-16,6,-16,6,-15
0,0,0,0,0,0,0,0,0,0,0,0,0,0,0,0,0,0,0,0,0,0,0,0,0,0,0,0,0,0,0,0,0,0,0,0,0,0,0,0,0,0,0,0
-1,4,-2,4,-6,3,-5,1,-3,3,7,2,8,3,-3,6,-3,8,-5,8,-2,8,4,8,6,7,6,7,8,3,-1,5,-3,9,-1,8,-3,6,3,7,4,8,6,9
0,16,-2,15,-4,13,-2,13,-2,15,13,16,10,17,-2,24,-3,26,-9,25,0,28,3,26,7,24,6,24,12,18,3,18,-4,27,0,29,0,28,1,27,3,27,4,26
-6,21,-6,21,-9,18,-6,20,-8,21,2,19,0,19,11,25,8,29,3,28,9,29,12,24,13,22,13,22,-1,22,-3,22,5,29,10,29,10,29,10,27,11,27,11,26
5,4,4,5,8,7,6,3,5,3,-5,7,-5,5,-2,3,-3,3,-2,4,-3,5,-10,4,-10,3,-11,3,-3,7,5,3,0,4,-3,5,-4,4,-7,3,-9,3,-9,3
12,12,10,20,14,22,15,21,7,20,-2,23,-2,22,-2,18,-4,16,-3,14,-3,23,-14,18,-15,14,-17,15,3,24,5,22,0,14,-5,21,-6,22,-7,20,-9,19,-14,14
-5,23,-2,26,0,26,0,25,-6,23,-10,20,-9,20,8,23,5,17,6,14,6,28,-3,22,-6,20,-7,20,-6,23,-6,24,8,16,6,20,3,27,3,25,0,23,-3,19
0,31,2,32,0,32,2,29,5,28,15,31,16,32,-6,32,-6,34,-7,35,-3,38,-3,40,1,39,1,39,3,35,11,35,-5,33,-7,41,-5,38,-4,35,-3,36,-1,40
-8,45,-4,47,-6,50,-3,50,-1,49,16,53,14,50,0,48,4,53,9,51,3,56,-6,57,5,57,6,57,-5,48,2,49,9,55,6,53,2,54,0,54,8,49,-4,57
-5,66,3,64,-6,70,-2,69,5,68,29,68,28,60,-12,59,-3,69,-3,71,-6,73,-18,71,5,72,11,73,-2,69,4,65,3,74,-3,72,-12,72,-15,72,9,71,-19,71
5,31,6,33,9,26,10,30,11,28,7,33,4,35,0,30,-8,32,-4,34,-5,36,-10,38,-9,37,-8,38,6,37,7,36,2,33,-9,40,-7,37,-7,34,-10,35,-11,37
8,53,-5,48,7,45,-3,51,0,50,-7,46,-5,48,9,48,1,47,10,52,0,53,5,50,-9,56,-8,55,12,56,-2,50,9,55,3,51,1,52,9,46,-3,54,9,52
25,55,4,66,25,57,1,71,8,71,0,66,-3,69,8,69,-15,59,-3,70,-18,57,-5,67,-24,72,-11,70,30,59,5,67,3,74,-12,59,-10,69,0,68,9,70,14,71
