-5,-12,-5,-12,-3,-13,-3,-12,-2,-13,6,-11,6,-11,-3,-13,-2,-13,-2,-13,-2,-13,-3,-13
0,0,0,0,0,0,0,0,0,0,0,0,0,0,0,0,0,0,0,0,0,0,0,0
-3,2,-1,2,3,1,6,2,5,1,1,3,3,3,-3,2,1,1,-2,1,1,2,2,1
-3,10,-1,10,2,11,10,13,9,12,3,13,2,13,-2,12,-1,10,-4,9,-1,10,-2,10
-5,14,-5,14,-5,12,3,12,3,11,3,14,1,18,-8,13,-7,11,-8,11,-7,11,-6,14
3,2,3,2,-2,2,-4,2,-4,1,-5,1,-5,1,3,2,0,1,3,2,-1,2,-1,2
4,13,4,12,-1,14,-6,11,-7,10,-7,9,-11,9,2,15,1,13,0,13,-3,11,0,13
-5,15,-4,15,-7,14,-3,11,-3,10,-3,12,-7,15,-8,15,-8,12,-6,12,-8,12,-5,16
3,21,3,20,1,22,2,24,1,22,-7,20,-6,22,-1,23,0,22,-1,23,-2,23,0,22
-3,37,-3,37,-8,38,4,41,-7,38,0,36,2,38,-8,38,-8,38,-8,40,-9,39,0,41
-7,53,-3,56,-5,56,15,55,-14,54,-2,55,5,56,-1,54,-9,56,-13,57,-15,56,8,57
7,20,6,20,3,22,-1,24,-1,22,-9,20,-8,21,3,23,2,22,3,23,0,23,-1,23
11,39,-3,37,-7,38,-7,40,3,40,-13,38,-14,39,7,41,7,40,7,41,4,42,-11,39
30,46,-2,56,-5,57,-12,57,17,52,-30,39,-30,51,16,55,20,53,22,51,20,49,-7,57
