5,-16,5,-17,3,-17,4,-17,3,-16,-8,-13,-8,-12,-7,-14,-8,-14,-6,-14,-5,-15,-4,-15,-5,-15,-6,-17,-6,-14,-5,-15,-5,-15,-4,-16,5,-16,5,-15,-7,-13,-8,-13,-6,-14,-7,-13,-5,-15,-6,-14
0,0,0,0,0,0,0,0,0,0,0,0,0,0,0,0,0,0,0,0,0,0,0,0,0,0,0,0,0,0,0,0,0,0,0,0,0,0,0,0,0,0,0,0,0,0,0,0,0,0,0,0
-2,4,0,4,-1,4,-1,3,-1,4,1,3,0,2,2,3,0,1,1,1,1,2,1,3,1,4,-1,0,2,3,0,5,2,5,5,4,-4,4,-3,4,2,3,2,3,2,2,1,2,1,3,1,3
-7,17,-5,17,-4,19,-5,15,-6,16,1,14,2,14,3,15,1,13,4,13,4,15,5,15,5,16,1,13,3,17,2,18,2,19,10,17,-8,16,-10,16,2,16,3,15,4,14,3,14,5,15,5,16
-9,28,-7,28,-7,31,-7,25,-6,25,-6,16,-5,16,-4,17,-4,18,-1,20,-4,18,-3,17,-4,17,-6,17,-4,23,-5,23,-7,23,-1,20,3,22,-8,26,-6,16,-7,16,-3,17,-3,19,-4,19,-5,19
-2,3,-2,4,-1,4,0,3,0,4,2,2,0,1,2,2,1,2,1,1,1,2,2,2,2,3,0,1,2,4,2,6,2,6,1,6,-3,3,0,3,2,3,0,3,2,3,1,2,2,3,2,3
-6,16,0,19,-7,19,-1,14,-3,16,4,16,3,15,4,17,5,16,6,16,13,14,15,13,12,13,8,14,6,19,4,22,1,22,-1,23,-4,15,-3,15,1,17,1,16,4,18,4,17,15,13,15,13
-5,27,0,28,-7,33,-3,24,1,23,-3,17,-3,17,-4,18,-4,21,-1,22,1,18,3,17,-3,17,-1,17,-1,22,-4,26,-10,25,-14,23,0,21,-2,24,-7,16,-7,17,-5,19,-4,21,4,20,7,23
10,33,-4,30,7,31,-6,28,-3,26,3,27,3,27,3,29,4,24,5,26,5,29,5,28,4,28,1,27,1,30,3,29,0,30,0,30,-13,31,-11,30,6,29,5,30,4,27,3,27,6,28,4,29
2,45,0,45,8,46,-2,46,-1,45,-7,44,-6,45,-6,45,-3,44,-2,47,9,51,12,51,11,52,-11,47,-6,50,-4,50,-10,50,-10,48,-1,45,-18,51,16,48,-6,48,-3,46,-3,47,10,52,-10,49
0,64,2,65,11,64,2,65,-1,65,-6,64,-10,66,-7,66,-3,66,2,65,21,69,27,68,-15,72,-14,70,19,59,13,62,3,68,-3,68,-1,65,-3,67,-10,66,-9,68,-3,68,0,68,22,70,-7,74
4,32,-3,30,1,32,-4,29,-5,26,9,27,7,27,5,29,5,25,6,26,6,29,6,28,4,29,1,29,0,30,3,30,3,31,3,31,-10,31,-8,30,3,30,3,31,4,27,4,27,9,28,8,29
2,46,0,46,-2,48,-2,48,-4,45,16,49,15,49,-6,46,-4,44,-1,47,-8,48,-8,49,12,51,-11,49,-10,51,-8,53,-5,54,-1,55,-1,45,-2,47,-7,46,-6,49,-3,48,-2,48,-8,48,-11,49
-1,62,1,66,2,67,2,66,-2,64,26,66,28,61,-7,66,-4,67,2,66,-2,70,-9,72,-14,72,-13,71,-6,73,0,72,6,71,14,72,-2,65,-3,67,-10,67,-9,68,-4,69,1,68,2,71,-8,74
