-8,-15,-7,-16,-7,-16,-6,-16,-6,-16,-6,-16,-6,-16,-6,-15,-5,-16,-5,-17,-4,-16,-5,-17,5,-16,3,-16,4,-16,4,-17,3,-16,4,-16,3,-16,4,-17,3,-17,4,-16,3,-17,3,-17,3,-17,4,-17,-5,-17,-5,-17,-4,-16,-4,-17,-3,-17,-3,-17,-4,-16,-5,-16,-5,-17,-3,-17,-3,-17,-3,-17,-4,-17,5,-15,6,-15,6,-16,6,-15,6,-15,5,-16,5,-16,5,-16,4,-16,5,-17,-18,7,3,-17,3,-16,-35,13,-26,41
0,0,0,0,0,0,0,0,0,0,0,0,0,0,0,0,0,0,0,0,0,0,0,0,0,0,0,0,0,0,0,0,0,0,0,0,0,0,0,0,0,0,0,0,0,0,0,0,0,0,0,0,0,0,0,0,0,0,0,0,0,0,0,0,0,0,0,0,0,0,0,0,0,0,0,0,0,0,0,0,0,0,0,0,0,0,0,0,0,0,0,0,0,0,0,0,0,0,0,0,0,0,0,0,0,0,0,0
-1,6,-3,5,-2,5,-5,6,-3,4,-3,4,-2,4,-3,5,-3,5,-2,4,-1,3,-2,4,-2,5,-2,4,-2,3,-3,2,-2,4,-3,4,-1,5,-3,4,-2,4,-3,4,-3,4,-2,4,-3,4,-2,4,-4,4,-2,4,-1,4,-5,5,7,3,8,3,6,4,6,4,6,5,-4,3,-2,2,-1,2,2,4,4,3,-7,4,-6,3,-7,4,-7,5,-5,5,0,4,0,5,-3,5,-3,5,5,-6,2,5,3,5,7,-11,9,-9
-3,18,-5,17,-6,17,-6,17,-2,16,-2,16,15,15,13,19,-1,17,0,16,0,16,-1,15,-4,17,-4,19,-10,13,-11,14,-8,17,-7,18,-4,20,-13,16,-15,16,-14,16,-14,16,-13,17,-12,18,-10,19,-1,14,-3,18,-3,19,16,12,15,13,16,14,14,16,11,17,11,19,-2,15,-1,13,0,14,-1,16,7,14,-17,14,-16,15,-16,17,-14,19,-12,19,-4,19,-1,18,-13,14,-2,19,-6,5,0,20,2,19,-17,14,-20,14
-13,14,-12,13,-11,12,-10,13,-8,15,-8,17,12,27,-5,23,-5,28,-7,19,-7,17,-8,15,6,15,6,15,7,18,4,20,6,25,3,27,3,29,-6,29,-7,28,-7,28,-6,27,-4,28,-2,28,0,27,-8,18,11,21,-11,17,12,22,11,23,12,23,8,26,5,26,3,24,-6,23,-7,17,-7,15,-8,14,12,12,-14,27,-12,27,-11,29,-6,29,-2,27,8,19,10,17,8,17,9,16,-20,6,9,18,10,19,-21,16,8,17
5,4,6,3,5,4,7,2,7,2,6,4,5,4,4,6,6,6,3,6,3,6,4,5,0,5,0,4,2,5,2,4,-2,5,0,4,-1,5,1,4,1,4,1,4,1,4,1,4,1,4,1,3,7,6,1,2,3,4,4,3,-6,6,-5,5,-4,4,-5,3,-4,3,4,5,3,5,2,4,0,5,-7,3,5,4,4,3,3,2,4,3,2,3,-3,4,-3,5,1,6,2,5,-3,-2,-1,4,-4,4,-9,1,8,-8
16,10,17,10,17,9,18,11,18,12,17,14,2,18,0,20,11,20,4,21,5,22,4,18,-2,16,-3,16,-2,19,-2,17,-8,16,-2,16,-3,18,-1,15,0,15,-1,15,0,14,-1,15,-2,14,-1,15,14,19,-2,19,15,11,-8,19,-10,18,-10,17,-7,18,-5,18,-2,19,5,20,3,20,6,20,1,21,-18,14,6,15,4,14,0,13,0,13,0,14,-5,18,-10,15,0,18,1,17,-2,7,-12,15,-12,16,-13,14,5,6
16,21,16,23,17,22,16,24,15,24,14,26,-7,20,-7,26,-3,29,-6,21,5,34,-4,17,7,14,6,15,8,18,7,20,2,24,4,24,5,22,8,15,9,13,7,13,7,13,7,13,7,13,8,15,6,28,-14,17,-11,16,-12,15,-9,12,-3,17,-8,17,-9,19,-9,21,-6,24,-2,26,6,36,-8,31,-15,26,11,13,10,14,8,16,8,18,6,20,7,18,3,17,9,17,8,16,21,14,-2,19,-3,21,6,11,9,17
3,32,2,32,1,35,9,32,6,34,-1,33,-1,34,2,33,0,32,-4,33,-4,36,1,33,-6,32,-2,31,1,34,-5,35,-4,34,-3,31,-2,34,-1,33,0,34,3,36,3,35,4,36,4,35,5,34,2,32,0,30,-2,31,6,31,5,34,6,32,0,31,-1,31,3,32,-1,27,3,32,-4,33,3,32,2,33,2,34,1,35,-1,34,-1,37,-2,31,-3,34,-2,34,-1,35,-1,33,23,19,-2,34,0,36,-14,20,-17,39
-6,48,-5,50,-5,52,14,54,12,56,-5,53,-6,52,-4,51,-5,53,-13,50,-13,51,7,51,-16,51,9,49,8,51,-12,53,-8,55,-4,55,3,54,12,49,13,50,13,52,11,54,11,55,11,54,13,54,10,50,-11,45,-10,48,11,50,11,54,8,54,-7,49,-8,51,-5,50,-7,49,5,50,-13,49,8,49,12,47,11,50,10,51,7,52,8,52,5,51,-10,54,-10,53,-9,54,-6,54,20,-16,-6,54,-3,54,12,35,12,34
4,67,-2,71,-7,73,29,62,-10,74,-8,75,-4,73,1,72,7,71,4,63,0,71,23,69,-26,65,6,70,10,70,-28,55,-29,50,-26,48,-4,70,-3,66,3,71,10,74,14,75,18,74,18,74,17,73,-4,70,1,61,-3,67,29,66,29,61,-11,71,-9,72,-8,71,-3,70,3,67,14,71,1,66,21,70,8,68,11,72,12,71,9,72,5,71,-1,69,-24,71,-26,68,-26,63,-26,57,0,31,-27,54,-24,51,4,53,2,53
11,32,10,32,7,35,3,32,3,35,3,33,2,35,1,34,2,33,3,33,3,36,-5,33,2,32,-7,31,-7,34,0,35,0,34,1,31,-1,34,-5,33,-4,34,-4,36,-3,35,0,35,-2,35,-1,34,5,33,6,29,6,31,-1,32,-3,35,-2,32,-1,31,-2,31,-3,32,1,28,-3,32,3,34,-4,32,-5,33,-6,33,-3,34,-4,34,0,36,-1,30,1,33,2,33,1,34,4,32,17,14,2,33,3,35,-20,21,-20,38
18,54,16,51,17,54,-5,52,-5,55,8,57,4,57,-5,53,-6,53,4,52,7,53,-13,51,11,47,-15,50,-13,52,5,51,5,52,5,51,2,52,-9,52,-12,53,-10,53,-10,53,-9,52,-8,52,-5,51,-3,50,12,51,14,52,-10,49,-9,51,-6,51,4,56,-3,55,-7,52,-6,50,-13,48,8,52,-13,50,-12,48,-10,49,-9,51,-7,52,-4,53,2,50,11,48,12,48,10,49,10,49,-2,27,9,49,10,52,13,35,12,33
29,75,29,68,33,68,-9,75,-10,74,-9,75,28,52,20,53,16,56,17,71,22,72,-7,73,3,65,-28,62,-29,57,9,71,7,72,1,71,-19,49,-20,69,-25,70,-24,64,-26,60,-29,56,-24,50,-24,48,-4,71,26,70,30,73,-8,70,-11,72,-10,72,29,55,23,51,17,51,13,52,3,61,19,72,-5,71,-25,61,-25,59,-25,55,-26,53,5,70,-21,50,-1,66,5,68,9,71,13,69,0,31,14,69,15,69,3,54,2,53
