5,-16,4,-17,4,-17,4,-16,2,-17,2,-16,2,-18,0,-18,0,-18,-2,-17,-3,-19,0,-16,-1,-17,-6,-12,0,-19,2,-18,-4,-17,-2,-16,5,-28,-3,-17,0,-17,-1,-16,0,-17,0,-17,-2,-16,-18,0,-31,3,-15,-13,6,-16,4,-18,1,-17,1,-16,3,-16,2,-17,2,-17,1,-17,-1,-17,-1,-16,-2,-16,1,-15,3,-16,2,-16,-1,-17,-8,-2,-1,-15,-1,-13,0,-16,0,-16,2,-17,2,-17,-4,-15,-2,-16,-17,-11,-15,-6,-15,25,-17,-5
0,0,0,0,0,0,0,0,0,0,0,0,0,0,0,0,0,0,0,0,0,0,0,0,0,0,0,0,0,0,0,0,0,0,0,0,0,0,0,0,0,0,0,0,0,0,0,0,0,0,0,0,0,0,0,0,0,0,0,0,0,0,0,0,0,0,0,0,0,0,0,0,0,0,0,0,0,0,0,0,0,0,0,0,0,0,0,0,0,0,0,0,0,0,0,0,0,0,0,0,0,0,0,0,0,0,0,0,0,0,0,0
-5,1,4,2,-3,3,0,2,5,3,6,5,6,2,7,2,7,2,4,1,3,-3,4,2,-4,2,1,-1,-4,2,-3,2,-6,2,1,2,11,-21,0,-15,-1,3,5,7,1,2,2,3,2,4,-7,2,-11,-10,8,1,-7,1,-7,2,2,3,2,4,-3,4,4,4,6,3,5,3,5,4,3,4,0,3,4,1,0,3,-3,2,-3,3,-2,0,1,-11,0,-7,1,5,1,5,0,3,-1,1,1,2,1,5,13,-3,-4,-1,-5,7,-11,-5
-15,14,7,15,2,16,0,16,9,17,8,18,8,16,10,16,9,16,5,17,5,12,7,11,-5,12,0,6,-2,18,3,18,-6,13,3,17,8,-5,-2,1,-1,12,6,18,6,16,5,14,6,19,7,22,-10,7,11,18,-19,13,-17,14,5,19,3,18,-6,21,6,17,8,17,5,17,5,17,4,16,1,16,9,13,2,15,-3,15,-4,13,0,16,-4,6,-2,6,1,15,3,15,-3,15,-5,8,-2,18,-1,19,6,32,11,31,8,26,3,21
-10,27,6,17,3,19,0,23,5,15,5,16,8,23,7,17,7,22,5,28,7,21,0,8,-6,6,-3,4,-1,33,-2,35,-10,20,-6,23,-2,-1,-5,-2,-6,12,2,7,2,7,1,27,-1,22,0,29,-15,18,4,27,-14,28,-11,29,-1,29,7,27,9,29,5,25,7,27,3,26,3,27,1,24,2,24,-4,6,-1,10,4,27,-8,18,-7,22,-12,7,-9,6,-7,15,0,10,-7,14,-9,9,-13,18,-11,16,6,36,12,37,9,34,-3,36
4,2,-4,4,2,3,-2,3,-7,3,-7,3,-6,3,-8,2,-6,3,-4,3,1,-2,-3,2,-5,3,-1,-4,-4,3,-4,3,6,3,-2,3,10,-20,-1,-15,-3,4,-5,3,-4,1,-4,4,-4,3,-12,2,-36,-11,1,4,6,4,5,2,-2,3,-2,4,2,4,-5,5,-5,4,-6,3,-4,5,-3,3,-3,4,-6,2,-3,3,-3,4,-3,4,-3,1,0,-10,0,-8,-3,2,-4,4,-1,6,-3,3,-1,2,-1,4,-7,6,-7,1,-12,0,-12,-3
8,12,-11,16,1,14,-5,16,-12,12,-14,12,-13,12,-13,13,-11,15,-7,17,-6,15,-11,15,-10,15,-5,6,-3,22,-6,17,4,17,-2,20,7,-5,-7,-1,-2,12,-13,17,-12,16,-11,16,-9,14,-6,17,-26,-1,8,20,9,15,8,16,-10,16,-7,18,0,19,-8,17,-10,15,-11,15,-7,19,-6,16,-7,16,-12,13,-9,16,-9,15,0,19,-5,19,-4,4,-6,6,-9,15,-12,16,-7,15,-2,10,-4,21,3,19,-10,9,-6,10,-7,17,-2,18
9,16,-4,29,4,19,0,22,-5,14,-6,16,-4,16,-5,15,-4,21,-3,30,0,18,-8,11,-5,9,0,3,7,22,-1,21,-5,21,-9,25,-4,0,-7,-1,-3,12,-5,8,-4,9,-4,16,-5,19,0,23,-26,11,8,28,8,22,9,26,-7,28,1,26,8,27,-2,25,-2,20,-5,24,-9,37,2,20,-3,22,-6,9,-3,10,-2,12,-6,20,-12,24,-12,9,-10,6,-9,14,-6,11,-3,14,-4,8,-13,25,-4,23,-4,33,-6,33,-2,28,4,30
-10,32,-8,33,-10,32,-10,30,-6,32,-5,32,0,31,-1,29,0,29,-3,30,-6,26,9,30,6,29,7,21,1,30,3,30,-3,28,1,28,8,4,1,8,-2,32,6,35,6,34,1,30,-3,29,13,29,-12,13,16,34,-13,29,-11,30,-11,31,-9,31,-12,29,-6,31,2,31,-2,30,-4,29,-4,29,-8,30,11,27,10,30,3,30,0,28,0,26,-2,18,-1,17,-2,31,4,35,4,34,-3,21,-4,29,3,32,10,32,14,33,12,28,14,31
1,53,0,53,0,52,-3,53,5,48,4,50,3,52,-13,52,-9,55,-1,48,-1,49,10,51,11,50,-7,41,-9,50,-8,50,-11,50,-6,51,-3,28,-10,32,-12,50,12,52,15,49,8,50,-11,50,8,48,-17,33,14,49,-22,48,-2,49,-4,51,-4,52,-3,51,4,50,3,51,1,50,-12,53,-2,47,-5,51,5,48,13,51,-8,51,-7,49,-8,49,-14,39,-12,39,-12,52,9,55,9,56,-10,49,-13,52,-9,52,6,49,2,48,9,46,5,45
4,76,1,76,-4,75,-8,74,-1,71,4,72,8,73,-28,60,-28,60,-2,68,-24,57,21,71,25,68,-14,60,-16,70,-11,72,-9,71,-1,70,15,41,-6,54,-16,71,23,70,25,65,-24,72,-16,73,5,65,-21,50,15,58,3,75,2,73,-2,74,-5,75,-8,73,0,71,6,73,5,72,-30,58,-3,68,-10,71,16,68,23,72,-13,72,15,59,10,59,-2,57,-7,63,-15,74,21,74,24,72,-19,72,-9,74,1,73,8,66,11,67,5,62,2,61
-13,32,-14,33,-13,32,-13,30,-12,31,-11,32,-9,31,-7,28,-7,29,-8,30,-10,26,3,32,1,30,3,21,-1,29,-2,29,-1,28,1,29,11,4,4,8,2,32,-4,36,-3,35,-6,30,-5,28,2,30,-15,18,11,34,-4,30,-9,30,-16,30,-14,30,-6,28,-13,31,-5,33,-10,30,-7,30,-10,29,-13,30,3,29,3,33,2,30,0,29,-1,27,1,18,1,16,0,28,-5,36,-4,36,-4,23,-4,29,0,32,-8,33,-6,37,5,30,5,29
-22,53,-15,53,-6,52,-5,52,-15,53,4,50,-16,51,2,48,1,48,-4,48,-1,47,-10,48,-10,48,-7,40,-9,50,-9,50,-12,51,-7,52,5,30,7,38,6,51,6,55,6,54,2,54,-16,49,0,47,-32,31,11,49,-3,49,-20,49,-17,52,-9,52,-2,51,-18,52,3,51,-15,52,0,49,-6,48,-6,50,-10,48,-8,51,11,50,-10,51,-10,51,-1,44,5,42,6,54,6,54,-11,56,-10,49,-14,53,-17,52,-5,48,-13,48,-11,45,-4,43
2,75,1,75,-4,73,-8,73,-28,72,5,73,-30,66,5,70,2,69,-3,68,-8,66,-7,70,-13,70,-15,60,-15,68,-11,72,-9,73,-1,73,14,50,21,58,23,72,22,70,24,67,22,64,-18,74,2,65,-23,51,1,54,2,74,0,71,-32,57,-6,73,-7,71,-30,68,5,73,5,72,2,71,-3,69,-10,70,4,69,-6,74,24,70,-8,72,-3,72,7,63,14,65,18,75,20,74,-19,73,-19,72,-8,75,-1,74,6,66,1,67,3,64,1,61
