9,-14,9,-15,8,-14,10,-13,9,-14,9,-14,8,-13,-6,-14,-8,-15,-8,-14,-7,-14,-6,-14,-7,-14,-7,-15,-7,-14,-6,-15,-6,-15,-7,-15,-6,-16,-5,-14,-7,-15,-6,-15,-7,-15,-7,-14,-7,-14,11,-13,9,-14,10,-14,7,-15,8,-14,8,-15,7,-15,6,-14,8,-15,7,-15,-8,-15,-7,-15,-6,-15,-7,-15,-6,-15,-6,-15,-6,-15,-6,-15,-5,-15,-6,-16,-5,-16,-5,-16,-6,-16,-6,-16,-5,-15,-5,-16,-5,-15,-4,-16,-4,-15,-3,-16
0,0,0,0,0,0,0,0,0,0,0,0,0,0,0,0,0,0,0,0,0,0,0,0,0,0,0,0,0,0,0,0,0,0,0,0,0,0,0,0,0,0,0,0,0,0,0,0,0,0,0,0,0,0,0,0,0,0,0,0,0,0,0,0,0,0,0,0,0,0,0,0,0,0,0,0,0,0,0,0,0,0,0,0,0,0,0,0,0,0,0,0,0,0,0,0,0,0,0,0,0,0,0,0,0,0,0,0,0,0
-1,4,-2,3,-2,3,1,5,1,5,1,6,0,5,2,3,-1,3,0,3,1,4,2,4,1,3,1,3,0,3,1,3,1,3,1,4,1,3,1,4,1,3,1,4,1,4,1,4,1,4,1,5,-1,6,0,6,-1,5,-1,4,-2,3,-2,4,-2,4,-2,2,-1,3,0,3,1,3,2,4,3,3,0,4,2,3,2,3,1,4,2,4,0,4,-1,4,0,4,0,4,0,4,1,3,1,4,2,5,3,4,1,4,3,3
1,18,-12,14,-9,16,-1,17,-2,17,-1,17,-2,18,1,13,1,14,2,15,3,15,3,15,3,14,2,14,-1,15,1,13,0,13,1,17,3,17,1,16,1,17,0,17,0,16,1,17,1,15,-4,18,-6,18,-2,18,-2,16,-1,15,-14,12,-2,17,-3,17,-9,16,-2,16,2,13,1,14,1,14,3,14,1,14,3,16,4,16,4,15,5,18,2,16,1,15,2,14,0,14,0,13,0,14,2,16,2,17,1,21,1,16,7,15
-3,24,-10,31,-8,29,5,19,4,20,4,21,0,21,-5,19,-3,21,2,25,-2,18,-3,16,-4,15,-4,14,-2,32,-5,16,-4,20,-2,25,-2,25,-5,24,-7,22,-9,20,-8,20,-8,19,-8,19,5,20,2,20,1,20,-3,21,-1,24,-14,26,-2,27,-3,26,-4,28,-7,31,-5,15,-6,15,-6,16,-4,18,-2,22,0,24,2,26,-2,20,-3,19,-4,18,-6,16,-5,16,-6,17,-6,18,-1,24,-4,23,-3,26,-4,23,-2,25,3,26
-3,3,-3,3,-3,3,-5,2,-5,1,-6,2,-6,2,2,3,3,3,3,4,1,4,3,5,3,3,3,3,1,4,3,3,1,3,2,5,1,4,2,5,2,4,3,4,2,4,2,5,2,4,-5,1,-6,1,-4,2,-5,2,-4,2,-1,3,-3,3,-2,4,-2,3,-3,3,4,2,2,4,1,4,1,5,3,4,1,5,0,4,2,5,3,6,3,4,3,3,3,3,2,3,2,3,2,3,2,4,1,5,1,5,2,5,1,3
-6,16,-12,14,-9,15,-13,11,-12,11,-14,11,-14,11,2,15,6,16,6,16,3,17,7,18,7,17,7,16,3,17,4,16,0,14,4,21,3,20,2,18,4,19,6,17,4,18,7,18,6,17,-9,12,-12,11,-12,11,-13,10,-11,12,-8,14,-9,14,-5,16,-5,16,-7,15,13,12,13,12,4,13,4,15,13,14,1,16,1,16,7,18,8,21,12,13,13,13,13,12,11,11,5,13,1,14,5,18,1,18,2,30,5,18,7,15
1,22,-8,26,-9,25,-6,17,-4,18,-5,18,-6,19,1,19,0,20,0,23,3,27,-2,18,-3,16,-3,15,0,19,2,19,1,18,-1,31,-5,27,-3,26,-4,24,-1,24,-4,22,-1,27,-1,24,0,18,-3,18,-4,18,-6,18,-6,23,-7,24,-8,24,-6,25,-2,26,-7,27,6,20,4,23,3,20,-1,18,5,22,1,24,-1,25,-1,21,-3,20,12,24,13,25,13,24,11,24,8,27,1,21,-3,25,-4,28,-1,27,0,27,3,26
-8,30,-10,30,-10,29,-9,30,-8,30,-7,30,-8,29,5,26,2,26,1,28,4,28,2,30,0,30,0,31,-2,32,0,30,-2,29,-1,30,2,28,2,29,2,28,2,28,2,29,2,29,2,28,-9,28,-10,29,-8,29,-8,28,-7,30,-7,30,-6,31,-5,31,-5,31,-5,29,6,27,7,27,5,28,5,26,4,27,4,29,4,29,2,30,3,30,1,31,1,31,0,32,0,32,-1,32,-2,31,0,30,2,30,21,56,5,31,6,30
-2,48,-1,47,-2,47,-16,49,-16,48,-14,48,-13,51,10,46,-6,44,-2,46,-4,46,-6,46,-8,45,-8,46,-9,48,-7,47,-9,45,-9,44,-8,43,-6,46,-6,47,-2,46,1,48,2,48,2,48,-21,47,-21,48,0,47,-1,46,-1,47,2,49,1,49,0,49,3,48,5,47,12,45,12,46,12,46,11,47,9,49,-4,47,-2,48,-1,49,-3,48,-6,47,-6,47,-5,48,-6,49,-7,49,-9,48,-8,45,-6,48,5,43,0,50,3,49
-1,68,-5,67,-10,66,-27,59,1,67,1,66,-30,52,27,53,-5,62,-1,62,11,58,9,59,0,63,-6,66,-14,66,-13,64,-13,65,-8,64,18,53,0,63,5,61,10,61,11,63,15,66,17,64,2,66,2,66,0,66,-4,65,-8,65,-2,69,2,70,5,68,5,67,1,66,23,63,27,62,28,59,27,53,-5,67,-1,65,3,66,19,55,12,63,6,64,-1,67,-8,68,-12,67,-13,67,-11,67,-7,63,0,65,18,61,7,67,11,67
-10,29,-10,30,-12,28,-6,29,-8,29,-9,29,-8,29,5,27,3,26,2,28,4,28,6,30,5,30,5,31,1,31,4,30,1,29,1,30,1,28,4,29,2,28,2,28,1,29,2,29,2,28,-8,28,-8,28,-10,29,-12,28,-10,29,-10,30,-11,31,-9,31,-9,30,-8,29,7,27,6,27,4,28,4,26,4,27,4,29,3,29,4,30,5,31,5,31,5,31,4,32,3,31,3,31,1,31,1,30,1,30,9,52,4,31,2,29
-18,46,-16,48,-14,48,1,47,-1,48,-15,49,-1,46,-4,45,-6,45,-5,47,-3,46,6,50,7,47,9,49,7,50,9,49,7,50,-10,44,-9,44,-5,47,-8,48,-9,47,-11,47,-10,46,-8,45,0,46,-1,46,-17,48,-16,49,-11,51,-16,48,-17,48,-16,48,-14,48,-12,48,-5,46,-4,46,-3,47,-4,47,-6,49,-5,49,-4,51,-1,51,2,49,6,53,9,51,10,51,8,52,8,52,4,53,-9,45,-7,50,-8,49,-10,49,-10,48
-28,50,-5,67,-9,66,-3,66,1,67,1,66,-2,65,-7,65,-5,63,0,63,10,64,15,65,17,65,22,66,23,65,27,60,25,57,-8,64,-4,62,1,64,7,62,6,64,-3,66,-10,69,-14,67,1,66,1,66,0,66,-30,51,-29,52,-28,64,-29,58,-28,55,-25,48,1,66,3,67,-3,68,-7,68,-8,66,-5,68,0,67,4,67,9,68,13,68,16,69,20,69,24,68,25,65,27,62,23,58,-7,65,13,58,5,65,4,65,-3,69
