-2,-17,-2,-16,-1,-17,-3,-17,-4,-17,-5,-16,-3,-17,-2,-17,-2,-17,-2,-17,-2,-16,-3,-17,-3,-14,1,-11,2,-16,1,-16,0,-16,-1,-16,0,-18,0,-17,1,-17,-2,-18,-3,-16,-2,-16,-2,-17,-4,-17,-5,-16,-5,-16,-5,-16,-5,-16,-3,-17,-4,-16,-3,-17,-3,-17,-3,-17,3,-17,0,-17,2,-17,-1,-13,2,-17,2,-17,4,-16,2,-17,2,-16,5,-16,2,-15,1,-16
0,0,0,0,0,0,0,0,0,0,0,0,0,0,0,0,0,0,0,0,0,0,0,0,0,0,0,0,0,0,0,0,0,0,0,0,0,0,0,0,0,0,0,0,0,0,0,0,0,0,0,0,0,0,0,0,0,0,0,0,0,0,0,0,0,0,0,0,0,0,0,0,0,0,0,0,0,0,0,0,0,0,0,0,0,0,0,0,0,0,0,0,0,0
6,2,7,2,8,2,7,2,5,2,5,1,7,2,8,4,8,5,9,2,8,4,8,0,1,2,0,1,4,6,3,5,5,4,5,4,4,4,3,5,4,8,4,4,7,4,8,3,8,3,6,2,8,2,7,2,6,1,1,3,8,3,9,4,9,3,8,3,8,2,0,5,3,7,3,5,3,4,4,5,2,6,3,7,3,5,1,5,-8,0,5,5,3,6
-7,17,0,17,1,20,2,20,2,19,-8,16,1,18,3,20,5,19,5,15,4,17,3,14,0,17,-2,14,1,22,2,20,3,20,3,19,3,19,3,21,2,23,0,18,3,18,1,18,2,18,3,15,2,19,2,18,-5,16,-4,17,1,20,-7,23,6,17,6,19,5,16,0,21,0,22,1,20,1,18,2,19,-1,22,1,22,2,21,1,20,-9,2,5,19,3,20
-13,26,-10,27,-2,33,-3,33,-1,32,-14,24,-3,28,-3,33,2,31,0,26,-3,25,-10,22,3,29,1,27,2,36,5,33,6,33,7,31,8,31,9,33,5,37,-4,31,-1,29,-4,30,-7,29,-6,25,-10,26,-10,26,-12,26,-11,26,-3,33,-7,34,3,31,-1,30,3,28,6,34,5,34,6,33,3,31,3,31,1,36,2,37,4,36,3,35,6,35,8,33,5,34
-5,5,-6,7,-6,6,-4,5,-4,5,-3,6,-6,6,-6,8,-7,6,-7,6,-7,7,-7,5,-2,2,-2,2,-5,4,-6,3,-5,3,-4,2,-3,3,-3,3,-6,6,-3,4,-6,7,-7,8,-6,8,-5,6,-5,7,-4,6,-3,6,-1,8,-5,7,-6,9,-5,8,-6,7,-6,7,0,5,1,6,-4,4,-3,3,-6,5,-4,6,-5,4,-4,4,-3,4,4,5,-5,3,-2,2
-2,21,-4,21,-8,21,-9,20,-10,17,1,20,-10,20,-8,21,-11,22,-11,20,-11,21,-6,20,-5,16,-4,13,-5,19,-5,18,-5,17,-4,16,-2,17,-2,18,-5,21,-7,18,-9,20,-9,21,-9,21,-8,17,0,21,-6,19,2,23,1,23,-6,22,-7,23,-7,22,-7,22,-9,21,0,20,0,21,-3,19,-5,16,-7,18,-6,20,-6,20,-6,19,-3,19,5,19,-5,17,-11,2
-11,31,-12,31,-9,35,-6,36,-15,26,-15,24,-12,33,-8,35,-12,33,-14,30,-15,29,-15,26,-2,28,-2,23,-3,33,-3,30,-4,30,2,28,5,28,4,30,-2,33,-9,31,-12,31,-10,34,-13,31,-9,27,-10,29,-11,28,-7,34,-5,36,-9,36,-7,36,-9,35,-8,34,-11,32,3,31,4,32,1,30,-3,28,-6,31,-4,33,-6,35,-5,33,0,32,7,34,-4,31,0,29
-2,31,0,32,0,32,1,31,0,33,1,34,-5,33,-6,32,-1,34,0,33,2,33,2,30,0,26,-3,20,-1,32,0,30,3,31,2,29,0,28,1,30,1,32,-6,29,0,31,1,31,2,32,1,31,2,32,2,32,2,32,2,33,0,31,-4,32,1,34,2,30,3,32,-1,32,-1,32,-3,29,1,28,1,32,-2,32,2,33,0,32,-3,31,-2,31,-2,27,-2,29
0,50,3,51,0,50,1,49,3,50,4,48,-7,49,-8,50,-1,50,2,51,4,52,6,49,10,44,8,40,1,49,6,45,6,47,8,45,8,45,8,48,6,51,-11,47,-1,49,2,50,4,49,-6,49,2,50,4,50,5,49,6,49,-3,49,-7,49,2,51,4,49,6,51,9,47,10,47,9,47,9,44,8,48,8,50,6,51,2,49,-1,50,6,48,7,46,4,47
2,71,7,70,2,70,4,70,6,69,10,68,9,62,4,64,2,72,6,70,10,72,13,69,6,65,10,62,-1,70,-6,68,1,66,6,65,11,65,17,64,10,71,-2,66,2,69,5,69,10,69,-7,69,5,70,8,69,11,68,14,67,9,62,1,69,5,69,9,70,12,71,3,68,9,68,16,67,0,63,4,67,10,72,8,71,-1,71,-4,72,0,68,5,69,9,68
-6,31,-3,32,-4,32,-3,31,-6,32,-7,33,-6,33,-3,33,-8,34,-7,33,-6,33,-7,30,-4,27,-6,20,-3,32,-4,30,-2,30,-3,28,-4,28,-6,29,-5,32,-3,29,-8,31,-8,31,-6,32,-4,32,-4,32,-4,33,-3,33,-2,33,-2,31,-2,32,-5,34,-3,31,-5,32,-4,32,-5,32,-6,30,-4,28,-6,32,-7,32,-5,33,-4,31,-4,31,-1,31,-5,27,-8,29
-18,48,3,51,-11,48,-13,47,-15,50,-16,52,-8,50,-4,52,-11,48,-13,47,-13,47,-14,48,-5,43,-9,38,-1,48,-3,49,-4,48,-7,47,-9,47,-13,47,-7,51,-3,47,-13,46,-13,47,-14,47,-7,50,-11,48,-12,51,-12,51,-13,52,-4,50,-2,52,-10,47,-11,47,-12,48,-4,50,-7,50,-9,48,-3,44,-7,48,-10,48,-7,49,-4,49,-2,49,-4,49,-7,47,-12,49
-19,68,7,70,-7,70,-14,69,-21,70,-26,68,-7,71,-3,72,0,70,-8,67,-14,68,-20,66,-9,63,-13,59,-12,59,-5,68,-7,68,-11,65,-15,64,-23,64,-28,63,-2,69,-7,66,-13,66,-18,66,8,65,-11,72,-17,71,-22,70,-25,69,-3,71,1,71,-3,68,-7,68,-13,68,-7,69,-11,69,-14,66,-5,63,-10,65,-15,66,-24,59,-18,59,-14,60,-9,70,-13,68,-19,67
