3,-14,2,-14,2,-15,3,-14,3,-15,-5,-15,-4,-14,-4,-14,-4,-14,-5,-14,-5,-15,-5,-14,-4,-15,-4,-14,-3,-14,-3,-13,0,-14,1,-14,1,-14,0,-15,1,-15,1,-15,1,-15,1,-16,-3,-15
0,0,0,0,0,0,0,0,0,0,0,0,0,0,0,0,0,0,0,0,0,0,0,0,0,0,0,0,0,0,0,0,0,0,0,0,0,0,0,0,0,0,0,0,0,0,0,0,0,0
-6,6,-7,7,-7,5,-8,7,-8,6,8,3,8,4,8,4,8,3,8,3,7,3,7,4,7,3,7,4,8,4,7,4,-5,5,-5,6,-5,6,-6,7,-7,7,-6,6,-7,7,-7,7,6,4
-6,18,-8,21,-10,18,-11,20,-11,20,10,15,11,16,11,16,11,15,12,15,11,14,9,15,8,15,8,16,8,16,7,17,-4,16,-4,17,-4,19,-7,21,-8,20,-8,18,-10,19,-11,19,4,16
-3,30,-4,32,-9,30,-10,32,-12,32,5,24,8,26,9,26,11,26,12,26,12,25,7,25,5,25,4,24,4,23,5,29,-2,28,0,29,-1,31,-5,33,-7,32,-9,31,-11,32,-11,32,1,26
6,3,6,3,6,2,6,3,6,3,-5,6,-4,7,-4,7,-5,7,-5,6,-5,6,-5,7,-5,5,-5,7,-4,7,-3,7,6,3,6,3,6,4,7,3,7,3,7,3,6,3,6,3,-5,6
4,15,10,15,11,14,11,15,11,14,-9,18,-9,19,-10,19,-11,18,-11,18,-11,16,-9,18,-9,16,-8,18,-5,19,-5,20,5,14,5,15,5,16,10,14,10,15,11,14,11,15,11,15,-7,19
5,26,13,25,15,25,17,25,17,24,-13,29,-14,28,-15,26,-17,25,-17,23,-17,21,-14,26,-12,26,-11,30,-8,31,-6,32,5,26,7,28,7,29,13,25,14,25,15,25,16,26,17,25,-9,31
2,31,-4,30,-3,30,-2,30,-3,30,2,30,4,31,4,30,4,29,3,32,1,32,3,30,3,29,2,32,5,32,4,34,-2,30,0,30,0,31,-2,30,-2,30,-1,30,-2,31,-1,31,1,32
8,47,4,47,4,46,5,47,5,47,-1,45,0,46,-7,41,-6,40,-5,44,-5,41,-1,45,1,43,2,46,5,46,6,48,-5,44,-3,44,0,48,5,47,6,47,6,48,6,48,5,48,2,48
8,61,-5,61,-2,62,2,65,6,65,5,59,0,64,-4,58,-9,54,8,64,-9,54,-2,58,0,58,5,61,6,61,7,62,-10,55,-12,54,-10,53,-4,62,2,63,5,66,8,66,11,67,3,65
6,30,3,30,2,30,2,30,2,30,-4,31,-2,31,-1,30,-1,30,-2,32,-2,32,-3,31,-4,29,-5,32,-4,32,-4,34,6,28,6,29,7,30,4,30,3,30,2,30,2,30,3,30,-6,32
0,46,2,46,2,45,0,46,3,44,-2,47,0,48,1,47,2,46,3,47,2,47,-3,47,-6,44,-8,45,-7,44,-5,47,11,45,11,46,10,47,3,47,3,46,2,46,1,44,0,44,-6,49
-11,50,-1,60,-2,60,-4,60,-5,56,1,65,3,67,4,65,6,65,9,65,13,65,10,60,7,59,2,59,2,60,-1,61,16,61,14,62,11,63,2,62,-1,61,-2,60,-5,57,-6,56,-5,64
