-5,-14,-6,-15,-6,-15,-7,-15,-5,-15,-5,-15,-4,-15,-6,-15,-7,-14,-6,-15,-6,-14,-6,-15,-7,-14,-7,-15,-6,-14,-7,-15,-7,-14,-7,-13,-8,-13,-8,-14,-9,-14,-8,-14,-9,-14,-9,-14,-8,-14,4,-16,4,-15,4,-15,5,-15,4,-16,6,-16,7,-15,7,-14,7,-15,-3,-15,-5,-16,-6,-16,-5,-15,-5,-15,-5,-15,-4,-15,-4,-16,-4,-15,-4,-15,-4,-16,-4,-16,-5,-15,-5,-15,-4,-15,-6,-14,-5,-15,-5,-15,-5,-15,-6,-15,-7,-14,-7,-14,-9,-14,-8,-13,-8,-14,-7,-14,-8,-14,-7,-14,7,-15,7,-15,6,-14,7,-14,6,-15,6,-14,6,-15,5,-14,5,-15,5,-15,6,-14,6,-14,6,-14
0,0,0,0,0,0,0,0,0,0,0,0,0,0,0,0,0,0,0,0,0,0,0,0,0,0,0,0,0,0,0,0,0,0,0,0,0,0,0,0,0,0,0,0,0,0,0,0,0,0,0,0,0,0,0,0,0,0,0,0,0,0,0,0,0,0,0,0,0,0,0,0,0,0,0,0,0,0,0,0,0,0,0,0,0,0,0,0,0,0,0,0,0,0,0,0,0,0,0,0,0,0,0,0,0,0,0,0,0,0,0,0,0,0,0,0,0,0,0,0,0,0,0,0,0,0,0,0,0,0,0,0,0,0,0,0,0,0,0,0,0,0,0,0,0,0,0,0,0,0
-1,5,-1,4,-2,4,-3,4,-1,4,-1,4,0,4,0,6,3,6,2,6,3,6,2,5,0,5,0,5,1,6,2,5,0,5,-1,6,0,7,-1,6,4,5,1,5,5,4,6,3,-2,6,-5,6,-6,8,-4,6,-4,7,-5,5,-4,5,-5,5,-5,6,-5,5,-2,4,-2,4,-2,4,-2,4,-2,4,-1,4,-2,3,-2,4,-2,5,-1,5,1,6,3,6,2,5,2,5,1,6,0,5,-1,6,0,6,0,6,0,6,0,5,1,6,5,4,6,4,-1,5,7,4,7,4,8,3,-6,6,-4,5,-6,5,-5,5,-5,6,-5,6,-2,5,-2,6,-2,5,-1,6,-3,6,-1,5,-2,6
-2,19,-2,18,-4,18,-4,18,-5,18,-4,18,-2,17,0,20,2,21,1,20,2,20,2,21,1,20,-1,19,0,18,1,17,2,20,0,21,0,22,0,17,4,21,2,20,4,21,4,21,0,19,-9,22,-9,23,-8,21,-7,24,-6,20,-5,21,-7,21,-7,23,-9,21,-2,17,-4,17,-4,18,-4,18,-4,18,-3,19,-6,17,-6,17,-6,19,-6,18,-2,21,0,22,1,20,1,20,0,21,0,20,-1,20,-1,20,0,20,-1,18,-1,20,0,21,4,21,9,18,-2,18,11,17,12,16,12,17,-8,21,-4,21,-8,22,-8,20,-5,21,-8,21,-4,22,-3,21,1,20,1,21,2,24,2,21,1,23
-2,33,-3,32,-5,33,-7,31,-6,33,-6,30,-6,28,-3,33,-4,35,-2,35,0,34,1,36,1,35,-3,33,-5,26,-5,24,2,34,0,35,-1,37,2,25,4,34,-2,37,2,32,1,33,-3,35,-10,36,-11,35,-10,35,-7,39,3,34,5,33,-10,35,-9,38,-11,35,-5,29,-7,30,-8,30,-8,31,-8,33,-8,35,-10,31,-11,32,-11,33,-10,31,-4,34,-3,37,-4,34,-3,32,-1,35,-1,34,-4,34,-3,29,-4,26,-6,23,-4,34,-3,37,-2,34,7,31,-8,34,8,29,13,29,11,31,-9,35,-4,38,-8,37,-7,34,2,30,-8,35,-6,39,-3,36,1,33,-5,36,2,38,4,33,7,30
4,6,4,4,4,4,4,4,5,4,5,6,3,5,3,6,3,6,3,6,4,6,3,5,4,5,4,4,4,6,5,5,5,4,6,5,6,4,7,2,2,7,4,5,2,5,2,5,8,2,3,4,1,5,1,4,2,4,1,4,2,3,0,5,0,5,0,3,4,5,3,4,4,4,3,6,4,5,4,4,5,4,5,5,4,5,3,5,3,6,3,6,1,5,2,5,4,6,4,5,4,6,5,6,4,6,4,6,5,4,6,4,1,5,0,5,7,3,1,6,0,6,-2,8,1,4,1,4,1,4,1,4,2,3,2,4,-1,4,-2,5,-2,5,-2,4,-3,6,-3,5,-3,5
3,21,1,21,3,20,3,21,6,21,1,21,0,20,1,22,1,22,1,21,2,22,3,22,3,21,5,20,5,23,3,22,9,22,7,24,9,22,12,15,1,23,2,23,1,22,0,23,13,14,4,17,2,17,1,17,2,18,4,17,5,17,0,20,-1,19,0,17,2,20,2,20,3,20,1,21,2,21,0,22,5,19,5,21,3,21,0,20,1,22,-1,23,0,20,0,21,3,22,3,22,6,20,5,21,9,21,5,21,3,22,3,23,1,22,-3,21,11,16,-5,20,-6,20,-6,21,2,20,4,21,2,20,3,18,4,15,3,17,-2,21,-2,20,-5,20,-3,19,-4,22,-5,19,-4,19
-4,37,-5,37,-6,36,-6,34,0,35,-7,33,-7,31,-6,35,-4,37,-3,36,0,36,1,36,2,36,3,35,2,37,0,37,8,37,1,38,2,39,8,24,-1,37,-3,38,-2,37,-5,38,11,27,9,27,8,26,7,27,5,26,5,32,6,31,1,32,1,30,5,24,-5,34,-8,35,-8,34,-5,35,-7,35,-4,36,-4,32,2,35,-11,34,-8,32,-5,36,-6,39,-3,35,-5,34,0,36,0,36,2,34,-1,33,4,35,-3,27,-3,36,-2,39,-6,36,-8,36,10,28,-8,33,-13,36,-12,36,3,33,3,35,5,31,7,27,9,23,10,24,-5,37,-2,33,-4,33,-1,32,-4,36,-2,30,1,28
0,32,-1,31,-1,32,0,33,2,35,4,35,6,35,0,34,-3,34,-2,33,-1,33,0,33,2,44,5,35,7,35,8,34,2,31,1,33,4,36,1,31,3,37,0,35,1,41,5,35,7,36,0,34,-6,36,-3,32,-3,37,-3,34,0,33,-3,33,-1,34,0,32,3,31,-1,33,-3,31,-4,33,-2,32,-2,41,2,33,-1,33,3,35,3,38,3,42,4,36,-3,32,-2,35,-1,33,1,35,5,37,0,33,0,35,9,37,-2,33,1,36,2,39,4,35,2,34,2,34,3,34,4,37,-3,34,0,37,-1,34,0,34,-3,33,0,33,-3,32,-1,34,-1,33,-1,32,-1,35,-1,36,-1,35
1,50,-2,49,-4,50,1,50,5,51,7,51,9,52,-7,49,-7,50,-5,51,-2,50,1,50,5,57,7,51,9,50,12,50,-5,48,-4,50,9,51,5,49,5,52,3,53,6,58,9,52,12,51,8,54,-12,50,-11,48,6,50,3,50,7,49,-10,51,3,51,3,51,6,50,3,50,-1,50,-3,50,-3,52,0,62,3,53,5,52,7,53,9,52,11,53,8,54,-7,50,-5,52,-3,51,0,52,4,54,-7,49,-6,50,11,51,-4,51,2,51,2,54,3,53,5,52,6,51,9,52,10,51,-5,52,3,51,2,50,4,49,-7,50,6,51,-1,52,2,50,4,49,2,48,3,52,4,51,3,52
14,59,3,64,1,67,5,71,9,70,12,68,15,67,-8,65,-5,66,-2,66,0,68,5,65,5,72,9,68,12,68,15,67,-5,65,-3,68,21,60,17,60,12,62,7,67,6,73,13,69,17,68,13,70,-17,65,-20,64,9,67,2,66,9,66,-13,68,4,71,8,69,18,60,14,59,10,59,6,61,0,66,0,80,4,72,8,71,11,70,13,68,22,65,21,64,-6,67,-3,68,1,67,5,71,6,69,9,68,-12,70,14,67,-1,69,14,60,4,70,4,70,10,70,12,69,15,70,18,69,-19,59,1,66,-6,67,-2,69,-11,66,9,69,-3,68,1,66,5,66,1,65,-3,71,2,71,8,69
1,32,1,31,2,32,0,33,-1,34,-3,35,-3,36,1,35,0,34,2,33,-1,33,-1,33,-3,35,-2,36,1,35,1,35,8,31,5,33,3,36,3,31,-2,38,0,36,-2,41,-3,37,0,36,0,34,2,36,1,32,-6,36,-6,34,-6,33,-1,32,-7,33,-5,32,-3,32,-5,34,-3,31,-3,33,0,32,-7,41,-3,33,-7,32,-7,35,-10,39,-7,45,-3,37,0,32,1,35,2,34,0,35,0,36,5,33,8,35,-1,38,2,33,2,36,-2,39,-2,35,-5,35,-7,35,-8,36,-10,38,1,33,-5,36,0,34,-2,33,2,33,-5,32,-4,32,-3,33,-6,34,-2,32,-9,35,-11,35,-11,35
-6,50,-6,48,-1,52,-7,49,-7,49,-8,51,-10,53,6,53,4,54,2,53,-3,51,-4,50,-5,53,-5,51,-7,51,-7,51,13,49,10,51,-2,51,0,50,2,53,4,54,2,57,-3,52,-2,50,-8,49,6,52,7,50,-12,50,-7,50,-9,51,-10,50,-12,51,-14,49,-11,50,-10,51,-8,50,-6,51,-9,50,-4,62,-7,51,-10,50,-10,52,-12,53,-9,51,-7,52,2,53,1,54,0,52,-6,51,-7,50,-8,49,10,51,-9,54,4,51,-1,52,0,54,-2,53,-4,51,-4,49,-4,51,-4,52,4,49,-2,52,-2,51,-4,50,5,50,-8,48,-4,51,-8,50,-10,50,2,50,-10,52,-12,50,-13,50
-6,68,1,66,2,72,-3,66,-10,66,-14,65,-18,65,22,63,20,63,16,62,12,64,4,66,2,72,-3,70,-10,70,-14,67,26,58,24,59,0,69,3,69,5,69,9,69,0,72,-3,66,-7,66,-13,66,14,67,14,67,-24,60,-11,68,-13,68,-13,67,-16,68,-18,66,-12,67,-11,68,-8,68,-5,69,0,64,-5,79,-9,66,-13,65,-17,65,-19,64,-11,65,-8,66,17,63,14,65,10,66,3,68,0,72,-6,70,12,68,-17,68,18,59,2,70,4,69,7,70,0,66,-5,66,-9,65,-12,65,3,66,-14,60,-7,67,-7,67,-11,65,-14,66,-15,59,-12,67,-15,68,0,66,-14,69,-17,67,-20,67
