2,-15,-6,-15,1,-17,1,-16,1,-17,2,-16,1,-16,3,-16,2,-16
0,0,0,0,0,0,0,0,0,0,0,0,0,0,0,0,0,0
-4,6,-2,4,-3,6,-3,6,-3,6,-4,7,-5,8,-4,6,-4,8
-2,21,-5,17,1,22,0,22,0,22,-1,23,-5,23,-4,22,-3,24
6,31,-9,28,11,32,10,33,7,34,6,36,-3,36,-3,36,4,31
2,5,6,3,4,4,4,5,3,4,3,5,4,7,4,5,2,3
4,18,4,19,7,18,6,19,6,18,7,19,9,22,9,21,5,14
6,28,-6,29,11,30,10,30,10,31,10,33,13,37,12,36,10,20
3,38,3,35,5,36,2,36,1,36,0,38,4,37,5,37,-3,35
11,45,7,47,13,48,11,47,9,49,7,51,7,52,12,49,8,47
17,59,11,59,19,61,16,62,13,62,-9,58,6,64,13,64,15,63
-2,38,-7,34,-2,37,-2,36,-2,36,3,37,3,37,2,37,-2,33
-7,43,-9,46,-4,48,-1,49,0,48,4,51,1,51,-2,46,7,46
-14,57,-13,57,-12,61,-14,59,-12,58,11,63,0,64,-2,61,12,62
