-3,-15,-5,-15,-5,-15,-3,-15,-5,-15,-5,-14,-4,-15,-4,-14,-4,-15,-4,-16,-4,-15,-5,-16,-4,-15,-5,-15,-6,-14,-6,-15,-6,-15,-6,-15,-6,-15,-5,-16,-5,-15,-6,-15,-6,-15,-6,-15,-6,-15,-5,-15,5,-16,4,-16,4,-16,5,-15,7,-15,5,-14,5,-15,7,-14,-6,-15,-6,-14,-5,-16,-5,-15,-5,-16,-7,-15,-6,-16,-7,-14,-6,-15,-5,-16,-4,-15,-7,-15,5,-15,7,-15,6,-14,5,-16,5,-15,6,-15,6,-16,5,-15,7,-14
0,0,0,0,0,0,0,0,0,0,0,0,0,0,0,0,0,0,0,0,0,0,0,0,0,0,0,0,0,0,0,0,0,0,0,0,0,0,0,0,0,0,0,0,0,0,0,0,0,0,0,0,0,0,0,0,0,0,0,0,0,0,0,0,0,0,0,0,0,0,0,0,0,0,0,0,0,0,0,0,0,0,0,0,0,0,0,0,0,0,0,0,0,0,0,0,0,0,0,0,0,0,0,0,0,0,0,0,0,0
-2,3,-3,3,-2,2,-2,4,-2,3,-1,2,-2,3,-3,5,-1,4,-2,4,-2,4,-2,4,-3,7,-4,6,-1,4,-3,4,-1,4,0,4,-3,5,-2,4,-2,6,0,5,5,5,6,5,6,3,5,5,-6,3,-6,5,-5,5,-5,5,-5,3,-6,3,-5,7,2,5,-3,3,-2,3,-2,3,-2,4,-2,4,-4,4,-3,5,-1,4,-1,6,2,6,-1,6,7,3,-7,6,-6,5,-8,5,-5,6,-4,5,-5,5,-4,6,0,6,-3,5
-6,17,-7,16,-6,15,-6,16,-5,16,-3,16,-6,17,-6,17,-1,19,-3,18,-4,18,-4,17,-4,20,-4,18,0,19,-5,18,-3,19,-1,19,-5,18,-6,17,-5,18,0,19,5,18,6,18,6,18,5,19,-5,22,-5,23,-4,23,-6,22,-6,22,-7,22,-7,22,5,20,-5,16,-4,16,-6,18,-5,18,-6,17,-7,18,-7,18,-4,18,1,20,4,21,0,21,5,20,-9,25,-8,24,-9,25,-8,24,-4,23,-5,23,-5,23,-1,22,-6,22
-12,29,-13,29,-11,26,-12,26,-11,25,-10,26,-12,29,-11,27,-7,33,-7,32,-9,30,-9,26,-7,32,-9,25,-5,31,-9,31,-9,33,-7,30,-9,31,-11,28,-10,29,-7,28,-1,28,-2,29,-1,29,0,30,7,38,7,37,7,36,-3,38,-3,38,-6,37,-7,37,8,34,-10,28,-9,25,-10,33,-10,32,-11,30,-13,30,-11,29,-10,30,1,34,3,34,-2,34,1,33,-4,38,-4,40,-5,40,-4,39,5,37,5,36,6,35,1,35,-5,36
5,6,4,6,3,5,5,6,4,5,4,4,3,5,4,6,1,5,4,7,5,5,4,5,6,9,4,8,2,6,5,4,3,6,1,5,7,3,4,5,5,6,2,6,-1,6,-2,6,-1,6,0,6,3,3,2,4,3,4,3,4,3,3,1,3,3,3,-4,2,5,5,6,5,5,4,6,5,5,5,6,3,5,5,6,4,2,7,2,7,4,7,-1,8,4,3,5,2,3,3,3,3,3,4,1,3,1,4,-4,4,0,4
2,23,1,23,1,23,3,23,1,23,1,22,3,24,3,23,4,22,4,23,5,22,5,21,8,25,6,23,0,22,2,21,0,22,-2,22,2,21,1,22,1,23,1,23,-1,23,-1,23,0,23,0,22,3,19,4,20,4,19,2,19,3,17,2,16,3,15,-4,17,6,22,7,23,3,22,3,21,3,22,1,22,1,22,2,21,3,22,1,23,4,22,1,23,6,16,6,15,6,17,5,16,4,18,3,18,2,18,-5,19,0,18
-9,35,-11,33,-13,32,-11,29,-13,29,-12,30,-9,34,-6,35,-7,35,2,36,4,36,4,34,6,38,5,35,-8,34,-6,34,-10,35,-11,34,-7,34,-11,31,-11,31,-11,31,-12,32,-11,32,-9,33,-8,34,6,35,7,35,7,34,3,33,7,28,8,25,10,23,0,30,5,37,6,38,-3,36,-6,35,-9,33,-12,33,-11,32,-9,33,-5,37,-4,36,-3,36,-5,38,14,25,15,24,15,24,14,23,6,32,5,31,5,31,-1,31,6,25
-8,31,-6,32,0,32,1,31,-1,30,2,30,-5,31,-1,31,-2,33,-2,34,0,33,1,34,-4,32,0,33,-3,34,-5,33,-3,34,-5,34,-5,33,1,31,1,31,3,31,5,32,5,32,5,32,5,32,-4,31,-4,31,-4,31,-3,35,0,35,0,33,-1,34,-1,33,-6,30,-1,31,-6,34,0,34,1,32,0,32,3,30,0,31,4,35,6,35,7,35,4,33,0,35,2,38,0,37,1,34,-3,32,-2,33,-5,32,-3,31,-3,35
-12,45,-7,47,-2,47,2,47,2,46,4,46,-12,47,-1,51,-6,49,-5,49,-1,49,2,49,-9,50,5,47,-5,48,-1,48,-2,50,-5,48,0,48,5,47,7,47,8,47,9,47,8,48,8,49,6,50,9,43,9,44,10,46,1,51,5,49,4,49,5,50,2,47,-12,49,3,49,-9,47,0,50,3,48,3,48,6,47,6,48,5,50,8,49,10,49,8,47,8,52,11,54,9,53,10,51,7,47,6,47,6,47,4,46,3,50
-7,60,-4,63,-1,65,4,64,6,63,10,63,-15,63,15,62,-5,65,-2,65,2,67,4,66,9,65,10,64,-6,66,10,58,6,60,0,63,7,66,10,66,13,66,16,65,18,65,21,65,23,64,23,62,5,63,10,64,14,61,-6,67,-2,67,3,68,8,68,0,64,-19,67,6,66,-2,61,2,67,5,66,7,66,11,65,14,66,8,67,11,66,13,65,23,57,12,70,18,70,18,68,18,66,-3,66,2,64,6,64,4,64,7,67
-3,32,-4,33,-5,32,-2,31,-4,30,-4,30,-1,31,0,32,-2,34,-2,34,-3,33,-4,33,2,33,-3,33,-1,35,-2,34,-2,35,-2,34,-2,33,1,31,1,32,-1,32,-2,32,-2,32,-3,33,-1,33,-3,31,-6,31,-6,30,-1,35,0,33,-3,32,-1,32,-7,32,1,31,4,32,-1,36,-4,34,-3,33,-1,32,-1,31,2,32,-3,35,-3,35,-1,35,-1,34,2,33,5,36,3,35,1,32,-1,32,-4,32,-6,32,-7,30,-8,33
-6,49,-7,48,-14,44,-12,46,-15,47,-15,49,2,50,-12,47,-7,50,-7,50,-9,49,-10,48,-8,50,-9,49,-6,48,-4,48,-3,51,0,51,0,49,-5,46,-5,48,-6,48,-6,47,-8,48,-7,46,-6,47,-5,47,-7,47,-9,48,-3,50,-4,50,-9,48,-11,48,-8,48,0,49,-12,52,-2,51,-9,47,-9,45,-11,48,-10,47,6,48,-5,52,-5,50,-5,50,-5,47,-5,49,-7,50,-9,50,-9,47,-1,49,-5,50,-8,50,-8,50,-15,49
-5,65,-10,61,-16,61,-19,61,-23,60,-23,62,15,63,-13,64,4,63,-1,67,-6,68,-12,67,-16,67,-20,64,13,57,-3,66,0,67,3,67,6,67,-9,63,-12,62,-14,60,-14,61,-12,62,-10,62,-7,62,-8,65,-11,66,-14,66,-8,65,-9,66,-12,65,-15,64,-13,64,2,65,-24,67,0,65,-4,63,-11,61,-17,62,-18,60,14,65,-1,69,-6,68,-10,66,-5,64,-9,67,-12,67,-15,66,-18,64,-4,66,-9,67,-11,67,-26,62,-20,65
