0,-16,2,-16,1,-16,4,-16,0,-16,0,-16,0,-17,-1,-16,-1,-16
0,0,0,0,0,0,0,0,0,0,0,0,0,0,0,0,0,0
5,6,-3,8,-2,7,1,8,-5,4,-6,4,-4,3,-6,3,-5,3
11,21,0,21,0,20,5,26,-5,17,-8,17,-4,17,-7,15,-4,16
9,31,11,29,7,30,12,36,-9,29,-11,28,-8,29,-12,25,-7,31
-4,7,4,4,2,4,-3,5,4,7,5,9,4,8,4,9,5,8
-4,23,7,16,5,16,0,22,5,23,5,25,6,25,5,26,5,25
-2,32,11,24,8,23,6,33,0,34,0,36,5,38,3,38,4,38
7,35,6,34,5,34,-1,36,-2,36,-2,36,2,37,-6,33,-4,33
11,49,11,51,11,53,8,51,-2,49,0,49,3,52,-15,51,-14,50
10,68,15,69,22,66,12,64,-2,63,0,64,3,62,-25,65,-25,63
-3,34,-3,34,-4,34,-6,34,-6,36,-5,36,-5,36,0,35,-1,34
-4,48,-5,49,-9,48,-8,51,-14,49,-14,49,-14,50,-15,51,-13,49
-4,66,-5,67,-11,65,-12,68,-11,66,-16,66,-21,66,5,62,-24,62
