-5,-16,-6,-17,-6,-16,-6,-16,-7,-16,3,-18,5,-18,5,-17,4,-17,-1,-17,-2,-18,-4,-17,-5,-16,-5,-16,-6,-17,2,-18,2,-17,3,-17,4,-17,3,-17,2,-17,2,-18,2,-17,3,-17,4,-18,4,-17,3,-17,4,-17,5,-17,5,-17,6,-17
0,0,0,0,0,0,0,0,0,0,0,0,0,0,0,0,0,0,0,0,0,0,0,0,0,0,0,0,0,0,0,0,0,0,0,0,0,0,0,0,0,0,0,0,0,0,0,0,0,0,0,0,0,0,0,0,0,0,0,0,0,0
-1,5,-1,5,-1,6,0,5,2,6,-5,9,2,10,1,11,0,10,-3,7,-3,5,-1,8,1,7,3,7,2,5,-3,7,-3,7,-2,6,-2,8,-3,8,-1,9,2,8,1,8,2,7,-2,7,-1,8,3,9,2,9,2,8,1,8,2,8
0,20,0,20,-1,23,1,22,0,24,-6,27,3,27,3,29,2,28,-8,20,-7,19,-2,23,1,24,2,22,0,23,-2,25,-2,24,0,23,2,24,1,24,1,25,5,24,5,24,7,23,-5,23,-4,23,6,25,2,25,3,25,3,26,5,25
-5,30,-4,32,-4,37,-3,36,-3,38,-2,44,11,40,9,40,7,41,-15,29,-15,26,-6,35,-3,36,0,35,-4,41,5,39,8,38,10,37,10,35,11,34,8,39,4,38,3,39,4,36,6,36,4,37,4,39,3,38,6,38,8,40,12,37
4,7,5,7,5,8,5,7,2,7,4,7,-6,3,-5,5,-6,5,5,9,5,8,3,8,1,8,0,9,2,7,1,5,1,6,0,5,-1,7,-1,5,-2,7,-2,6,-3,7,-3,6,-3,5,-4,7,-6,4,-5,3,-5,2,-6,3,-6,3
5,23,6,24,7,26,7,26,1,27,6,24,-6,23,-6,25,-6,25,6,25,6,25,1,26,0,26,0,26,0,27,4,22,4,22,3,21,2,22,2,21,1,24,-2,23,-3,23,-3,22,-4,21,-6,22,-5,22,-4,21,-2,21,-5,21,-6,21
1,39,0,39,0,41,0,42,-3,43,9,40,1,36,1,37,0,38,2,41,1,39,-7,38,-9,40,-6,39,-6,39,5,36,10,34,9,33,8,32,8,31,4,36,0,37,-2,38,-3,36,-6,37,-7,35,-5,35,-4,35,0,35,0,35,2,32
-3,36,-4,36,-4,37,2,37,-3,36,4,41,-2,37,-1,41,-2,43,-7,41,-5,39,0,36,4,42,5,37,-3,42,2,37,0,36,1,33,3,34,1,33,3,36,1,40,3,37,5,39,2,35,0,35,0,40,2,38,2,37,3,41,1,35
-2,56,-10,57,-11,56,8,56,-7,56,14,58,9,53,8,54,5,56,-14,55,-14,54,2,57,5,59,5,58,7,75,5,55,10,53,12,52,13,53,12,52,11,54,6,56,3,57,4,57,9,54,9,55,4,56,2,56,1,56,1,56,3,54
10,73,-2,74,-6,77,12,75,-6,79,16,82,12,74,8,76,4,77,-9,77,-14,77,5,77,8,77,-10,73,4,75,3,76,4,73,11,72,22,69,24,68,14,72,4,74,-13,70,-3,73,5,75,16,73,1,75,-2,75,-4,76,-1,71,2,71
-2,37,0,37,2,38,0,37,1,37,5,40,-8,36,-8,40,-9,42,0,42,-1,40,2,37,-4,40,-2,38,4,44,2,36,-2,36,-2,33,-1,34,-2,33,0,34,-3,40,-2,37,-1,39,-4,36,-8,34,-8,38,-5,36,-2,36,-5,39,-7,34
-7,56,-3,57,2,58,-10,57,8,58,-5,59,-14,57,-15,61,-10,60,0,61,-14,54,-12,50,-12,48,-11,53,3,76,3,55,-2,55,-3,54,-6,54,-8,52,-9,56,-4,60,2,56,-2,57,-6,53,-11,54,-10,54,-7,53,-4,54,-7,57,-8,54
-5,76,3,74,6,78,-17,81,22,68,-8,78,-28,74,-26,72,-25,70,2,78,4,75,-4,71,-13,70,-10,74,0,75,-6,68,-4,76,-7,75,-13,74,-17,73,-25,70,-17,68,2,74,-4,72,-9,74,-16,72,-24,62,-19,64,-14,67,-11,74,-14,73
