1,-15,0,-17,2,-15,0,-16,1,-15,-1,-16,-2,-17,1,-17,2,-17,2,-16,2,-17,0,-17,-1,-16,-1,-16,2,-14,3,-16,2,-15,2,-14,4,-13,4,-14,2,-13
0,0,0,0,0,0,0,0,0,0,0,0,0,0,0,0,0,0,0,0,0,0,0,0,0,0,0,0,0,0,0,0,0,0,0,0,0,0,0,0,0,0
-9,1,-11,0,-11,3,-10,0,-9,0,-9,-1,-9,-1,-9,-2,-7,-1,-7,0,-8,-1,-8,0,-8,-1,-8,-3,-8,-1,-8,-3,-8,-2,-8,1,-7,0,-8,0,-8,3
-21,4,-23,0,-22,-2,-21,-4,-18,-7,-17,-9,-15,-12,-12,-15,-11,-15,-10,-15,-10,-15,-13,-14,-14,-12,-16,-11,-15,-10,-20,6,-17,10,-11,15,-9,12,-9,13,-10,17
-30,0,-30,-6,-26,-11,-20,-17,-12,-20,-9,-19,-3,-23,-1,-21,1,-19,2,-17,2,-19,0,-22,-3,-21,-10,-23,-15,-22,-28,8,-27,15,-16,23,-10,23,-10,24,-16,25
10,1,10,1,11,2,10,1,10,1,9,1,8,1,8,-1,7,-1,7,-1,8,-1,8,1,8,2,8,0,9,-2,9,-3,8,-2,8,0,8,-2,8,-2,8,1
20,4,23,-2,22,0,22,-5,20,-7,16,-9,14,-12,11,-15,10,-16,9,-15,9,-15,11,-15,13,-12,14,-12,17,-9,21,4,18,10,9,13,7,8,6,8,8,14
28,1,30,-9,29,-9,22,-16,17,-19,9,-22,3,-23,4,-21,-1,-20,-1,-18,1,-20,0,-22,3,-22,8,-23,16,-18,33,4,30,12,16,22,7,19,5,19,13,24
-5,28,-7,28,-6,33,-7,32,-6,31,-7,31,-7,28,-7,27,-7,26,-7,27,-7,27,-7,28,-7,30,-7,27,-5,26,-5,23,-5,25,-5,27,-3,25,-4,25,-5,28
-7,45,-8,47,-8,52,-8,52,-7,51,-8,51,-8,48,-9,47,-7,47,-8,48,-8,48,-7,48,-8,49,-7,46,-6,45,-5,40,-6,41,-6,43,-5,40,-4,41,-5,44
-8,63,-9,65,-8,72,-9,71,-8,72,-9,72,-9,70,-9,69,-9,68,-9,70,-9,69,-9,69,-9,69,-9,65,-7,62,-7,55,-7,57,-6,58,-6,56,-5,56,-7,59
4,29,3,29,5,33,4,33,5,31,4,31,4,29,4,27,4,27,4,27,4,28,4,28,4,30,3,27,5,27,5,24,4,25,5,27,5,25,5,24,4,28
2,46,2,48,4,53,3,53,3,52,2,52,1,49,1,48,1,47,2,49,1,49,2,49,2,50,2,47,4,45,4,40,4,41,4,43,5,41,5,41,4,44
3,64,3,66,5,72,4,72,5,72,4,72,4,70,4,69,4,69,4,70,4,70,4,70,4,69,3,66,5,63,6,56,6,57,5,59,6,57,6,57,6,59
