5,-14,9,-13,1,-15,2,-15,-1,-16,1,-16,0,-15,0,-14,-1,-14,0,-14,0,-14,0,-14,0,-15,0,-16,-3,-15,-4,-15,0,-15,0,-14,0,-14,0,-14,0,-14,0,-14,0,-13,0,-14,0,-14,0,-14,1,-14,0,-15,0,-14,-1,-14,-1,-16,0,-17,0,-17,-4,-17,-8,-16,-5,-15,1,-16,0,-16,1,-16,-1,-15,0,-15,-1,-14,0,-14,0,-14,0,-14,-1,-15,-2,-15,0,-16,0,-16,7,-13,1,-15,1,-14,2,-15,0,-14,0,-14,0,-15,0,-15,0,-14,0,-14,0,-14
0,0,0,0,0,0,0,0,0,0,0,0,0,0,0,0,0,0,0,0,0,0,0,0,0,0,0,0,0,0,0,0,0,0,0,0,0,0,0,0,0,0,0,0,0,0,0,0,0,0,0,0,0,0,0,0,0,0,0,0,0,0,0,0,0,0,0,0,0,0,0,0,0,0,0,0,0,0,0,0,0,0,0,0,0,0,0,0,0,0,0,0,0,0,0,0,0,0,0,0,0,0,0,0,0,0,0,0,0,0,0,0,0,0,0,0,0,0,0,0
7,2,8,2,-8,-1,-7,-1,-9,-1,-9,-1,-9,0,-8,3,8,4,-9,4,-9,4,-9,4,-8,-1,-8,0,-9,-2,-8,-1,-8,-1,-8,0,-8,3,-9,4,-8,4,-9,4,9,5,-8,3,-8,4,-8,4,-8,4,-9,1,-10,1,-9,0,-8,-1,-7,-2,-8,-1,8,0,-7,1,-7,0,-8,-2,-9,-1,-8,-1,-9,0,-8,0,-9,1,-9,4,-9,4,-9,3,-9,0,-9,0,8,1,-7,0,7,1,-8,3,-7,3,-7,3,-8,3,-9,2,-9,3,-9,3,-8,3,-9,3,-9,3
14,-8,13,-8,-16,-9,15,-9,-16,-10,-17,-9,-18,-8,-11,15,12,16,-11,16,-12,14,-14,15,-16,-8,-16,-9,-17,-9,-16,-10,-16,-9,-17,-7,-13,15,-12,15,-11,16,-11,17,-11,16,-11,15,-12,15,-13,15,-14,15,-20,2,-16,-2,-16,-3,-15,-9,-13,-10,-14,-10,-15,-10,-15,-8,-15,-9,-15,-10,-17,-9,-16,-8,-17,-5,-16,-5,-16,-2,-10,17,-11,17,-13,15,-18,0,-19,-2,16,-7,-13,-10,13,-8,-16,12,-14,13,-13,13,-13,13,-13,14,-13,15,-12,16,-11,14,-11,15,-11,16
5,-11,6,-11,-11,-14,8,-14,-11,-17,-13,-16,-17,-15,-13,26,12,26,-13,26,-15,22,-18,23,-12,-14,-10,-15,-13,-13,-8,-14,-9,-15,-13,-16,-16,23,-14,24,-12,27,-11,28,10,25,-13,25,-14,23,-18,25,-20,25,-31,1,-22,-8,-21,-10,-13,-16,-12,-13,-10,-16,4,-15,-9,-13,-9,-14,-10,-16,-13,-15,-15,-15,-18,-10,-19,-10,-21,-7,-10,27,-13,25,-15,23,-28,-3,-26,-6,-12,-15,-9,-16,7,-13,-24,18,-21,21,-18,21,-18,21,-16,22,-15,25,-13,28,-12,25,-11,26,-10,28
-8,0,-8,-1,7,0,8,-1,8,-1,8,0,8,0,8,4,-8,3,8,4,8,4,8,4,8,0,8,0,7,-1,8,-1,8,1,8,1,8,4,8,5,8,5,9,5,8,5,9,5,9,5,9,4,9,4,8,1,9,2,8,1,8,-2,8,-2,7,0,7,1,8,0,8,0,8,0,7,0,8,-1,8,0,8,0,8,0,8,4,8,4,9,4,9,1,9,2,-7,0,8,0,-7,0,7,3,7,3,8,3,8,3,9,4,9,5,8,4,8,4,8,5,8,5
14,-9,-15,-10,14,-9,-15,-11,15,-7,16,-6,16,-5,11,15,-8,16,9,17,10,16,11,16,16,-5,16,-6,15,-7,16,-7,16,-5,16,-1,13,15,12,15,11,17,11,18,-11,15,11,17,12,18,12,15,14,17,19,6,19,-2,17,-3,15,-5,16,-7,15,-7,-14,-10,14,-7,14,-7,16,-7,15,-6,14,-3,16,-3,14,-1,18,-1,10,16,10,16,11,18,17,3,21,0,-15,-10,15,-8,-14,-10,17,14,17,15,16,15,14,16,12,16,12,17,11,16,10,16,11,17,11,17
6,-12,-9,-14,4,-13,-6,-16,10,-13,12,-11,15,-9,13,24,-8,26,10,27,11,26,13,25,13,-10,9,-11,8,-13,6,-13,10,-11,16,-6,18,25,15,26,13,28,12,28,11,26,12,28,13,28,14,25,18,28,29,5,22,-7,18,-7,14,-10,13,-12,10,-13,-6,-18,8,-12,9,-12,11,-12,13,-11,16,-7,16,-7,18,-6,19,-7,10,27,10,26,13,28,28,0,28,-3,-10,-16,8,-14,-8,-15,27,21,24,24,22,25,19,25,16,25,13,26,12,27,10,27,10,28,9,27
3,26,4,27,4,24,5,27,-5,27,-5,26,-5,27,-4,30,4,30,-5,29,-5,29,-5,30,-6,25,-5,25,-6,24,-6,23,-5,25,-6,26,-5,30,-5,29,-4,31,-4,31,4,30,-4,29,-4,31,-4,29,-5,29,-5,30,-6,27,-6,27,-6,24,5,23,-4,23,4,25,-4,24,4,25,-5,24,-6,24,-5,25,-6,26,-5,25,-5,27,-4,30,-5,31,-5,29,-5,28,-6,27,4,26,-5,25,4,26,-4,33,-3,32,-3,31,-5,30,-5,30,-5,31,-5,31,-5,31,-5,30,-5,30
3,43,3,43,3,42,3,43,2,43,2,43,2,43,3,45,3,46,-5,44,-5,45,-5,45,-4,43,-4,44,-5,43,2,43,-4,44,-5,44,-5,45,3,44,-5,45,-5,46,4,45,-4,46,-4,47,-4,46,-4,46,-5,47,-5,44,-5,43,4,41,4,41,3,39,3,42,4,42,4,43,-4,42,-5,42,-4,42,-5,44,4,41,3,46,-5,45,-5,45,-5,45,-5,43,-5,43,4,44,4,41,3,43,-4,48,4,46,-3,46,-5,46,-5,44,-5,46,-5,46,-6,45,-6,46,-6,46
1,59,1,59,1,58,2,59,1,59,1,59,1,59,2,61,2,61,-2,61,-5,61,-5,61,0,59,-3,59,-4,58,1,58,-2,59,-1,60,2,61,2,62,-1,62,-1,61,2,62,-1,62,-4,62,-3,62,-4,62,-5,61,-4,60,1,60,2,58,3,57,2,58,2,58,2,59,2,59,-2,58,-3,58,-2,58,-2,59,3,59,-1,60,-4,61,-5,61,-5,61,-5,59,-5,60,2,59,3,58,2,58,-4,62,3,62,-4,61,-5,61,-5,61,-5,62,-5,61,-6,61,-5,62,-6,62
-5,26,-5,26,-5,24,-4,26,3,27,3,27,3,28,4,30,-4,30,3,30,3,30,3,31,3,26,4,26,3,24,4,24,4,25,4,27,4,31,4,29,4,31,3,31,-4,29,3,30,5,31,4,29,5,30,3,30,3,27,3,27,4,24,-4,23,3,24,-4,24,4,25,-4,25,5,25,3,24,4,25,3,26,4,25,3,27,3,31,4,31,4,30,3,28,3,27,-4,25,4,25,-6,25,4,33,4,32,5,31,3,30,3,30,3,31,3,32,3,31,3,31,3,30
-6,41,-6,42,-6,39,-4,42,-5,42,-6,41,-5,42,-4,45,-5,45,1,44,3,46,2,46,3,43,3,45,2,44,-4,42,3,45,2,44,-4,44,-4,44,3,45,3,46,-5,45,3,46,3,47,4,46,4,46,3,47,3,45,0,44,-4,41,-4,40,-4,39,-4,41,-4,40,-4,41,4,44,3,43,4,43,3,45,-4,40,3,46,3,46,3,46,4,46,3,44,2,44,-4,43,-3,41,-5,42,4,47,-3,47,5,47,3,46,3,45,3,46,3,46,3,46,3,46,2,47
-6,58,-6,59,-6,57,-5,58,-6,58,-6,59,-6,58,-4,61,-5,60,-3,61,1,61,1,61,-4,59,1,59,0,58,-4,58,-1,59,-3,60,-5,61,-4,61,-3,61,2,62,-5,61,-3,62,3,62,2,62,3,61,2,61,2,61,-5,60,-4,59,-3,57,-4,57,-4,58,-3,58,-4,58,2,59,2,58,3,58,0,60,-3,59,-3,60,-5,61,3,61,3,61,2,59,0,60,-4,59,-3,58,-4,58,2,61,-4,62,4,61,3,61,3,61,3,62,3,61,3,62,3,62,1,62
