0,-15,1,-14,0,-14,0,-14,0,-14,0,-14,0,-14,0,-14,-1,-14,0,-14,-1,-14,-1,-13,0,-14,0,-14,0,-15,1,-14,0,-14,0,-13,-1,-15,0,-15,0,-15,-1,-15,0,-15,0,-15,1,-14,0,-14
0,0,0,0,0,0,0,0,0,0,0,0,0,0,0,0,0,0,0,0,0,0,0,0,0,0,0,0,0,0,0,0,0,0,0,0,0,0,0,0,0,0,0,0,0,0,0,0,0,0,0,0
-8,2,-6,-1,-5,0,-8,4,-8,3,-9,3,-6,2,-5,0,-6,2,-6,2,-6,2,-6,3,-9,3,-8,5,-5,2,-6,2,-6,2,-8,6,-6,2,-6,2,-7,1,-7,2,-6,0,-5,2,-6,1,-4,3
-21,-4,-11,-14,-10,-11,-21,-2,-21,1,-21,-3,-2,9,-3,7,-4,11,2,7,-8,13,-4,11,-21,-1,-16,15,-3,10,-10,-10,-5,11,-12,20,2,8,2,6,-8,11,-1,7,-11,-9,-4,13,3,6,3,8
-27,-16,0,-25,-7,-9,-27,-12,-29,-5,-27,-15,3,0,-7,-8,-4,22,7,5,-7,22,-4,22,-27,-14,-23,26,5,22,-7,-11,-5,22,-15,34,8,3,-5,21,-5,21,-5,20,-9,-8,4,23,9,2,8,3
8,5,6,3,5,2,8,6,8,6,9,5,7,1,5,1,7,2,7,2,8,3,6,3,8,5,9,6,4,1,6,2,6,2,9,6,8,3,8,3,8,3,7,3,6,2,3,2,6,2,5,1
9,14,7,11,7,11,9,16,4,8,14,8,6,5,3,3,11,13,6,5,11,12,5,10,14,11,13,18,3,12,3,11,4,12,12,18,12,12,11,13,12,13,8,8,4,2,6,9,10,9,7,6
7,25,10,24,9,22,8,26,-4,5,20,5,7,1,2,-2,9,25,7,1,9,23,5,22,15,5,15,28,5,4,4,21,4,6,14,29,9,24,9,23,9,23,6,20,6,23,7,20,8,23,7,3
-5,29,-4,29,-4,28,-4,29,-4,30,-5,30,-5,28,-5,28,-5,29,-5,28,-4,28,-4,29,-4,30,-4,32,-5,27,-5,28,-5,28,-5,32,-5,28,-5,27,-5,27,-6,28,-6,27,-5,27,-4,27,-5,28
-9,51,-8,50,-8,50,-7,52,-7,52,-8,53,-8,51,-8,51,-8,51,-8,51,-8,51,-8,52,-7,52,-8,51,-8,50,-8,51,-8,50,-8,52,-8,49,-8,49,-8,49,-9,50,-9,50,-8,49,-7,50,-8,50
-11,71,-8,70,-9,70,-8,72,-8,72,-9,72,-9,71,-9,72,-9,71,-9,71,-9,71,-9,72,-9,72,-8,71,-8,70,-8,71,-8,71,-8,72,-8,69,-8,68,-8,69,-9,70,-9,69,-9,69,-8,69,-9,70
4,29,6,28,5,28,5,29,5,30,5,30,5,28,4,28,5,28,5,28,5,28,5,29,5,30,5,32,5,27,5,28,5,27,4,33,5,28,5,27,5,27,4,28,4,27,3,27,5,27,4,28
6,51,8,51,8,50,8,50,8,51,7,52,7,51,7,51,7,50,7,51,7,50,7,51,8,51,8,49,7,49,7,50,8,50,8,50,7,49,8,47,8,48,7,49,7,48,6,49,8,49,7,50
6,70,8,71,8,70,8,72,8,71,7,71,7,70,7,71,7,70,7,70,8,69,7,71,7,71,8,71,8,69,8,70,8,70,8,71,8,69,8,68,8,68,7,69,7,69,7,69,7,69,7,68
