1,-14,1,-14,1,-13,1,-13,1,-14,1,-14,0,-13,1,-13,2,-15,1,-15,1,-14,2,-15,1,-15,3,-15,3,-14,0,-15,1,-14,0,-15,1,-15,0,-15,1,-15,2,-15,2,-15,2,-15,2,-16,0,-16,1,-15,0,-16,0,-15,0,-16,0,-16,-1,-15,1,-14,11,-10,6,-13,-12,-12,-1,-14,10,-13,11,-13,-3,-15
0,0,0,0,0,0,0,0,0,0,0,0,0,0,0,0,0,0,0,0,0,0,0,0,0,0,0,0,0,0,0,0,0,0,0,0,0,0,0,0,0,0,0,0,0,0,0,0,0,0,0,0,0,0,0,0,0,0,0,0,0,0,0,0,0,0,0,0,0,0,0,0,0,0,0,0,0,0,0,0
-9,3,-9,3,-9,3,-7,4,-8,4,-9,4,-9,4,-8,3,-8,3,-9,3,-9,4,-9,3,-9,3,-10,4,-10,4,-9,1,-9,3,-9,3,-9,3,-9,2,-9,3,-9,3,-9,3,-9,3,-10,3,-9,1,-10,2,-10,1,-10,1,-10,1,-9,0,-9,1,-8,-3,7,3,-7,0,-6,-1,8,1,6,2,-8,-2,-8,-2
-12,16,-13,14,-13,14,-10,16,-9,17,-9,17,-11,18,-11,16,-13,15,-16,15,-17,14,-19,12,-21,10,-26,9,-26,7,-20,2,-12,17,-13,14,-15,14,-17,13,-19,12,-23,12,-27,9,-22,7,-21,4,-20,2,-20,0,-18,-1,-17,0,-16,-2,-17,-7,-16,-8,-15,-11,13,-7,-13,-10,-12,-9,13,-8,-15,-13,-16,-11,-15,-12
-14,26,-15,23,-17,23,-12,26,-7,28,-8,28,-13,28,-14,26,-17,24,-22,24,-26,23,-29,18,-31,15,-28,10,-11,5,-31,-1,-14,27,-17,23,-20,22,-26,22,-29,18,-25,13,-30,11,-11,4,-12,3,-32,-1,-30,-5,-28,-8,-26,-8,-22,-9,-19,-10,-17,-14,-9,-16,4,-10,0,-13,-1,-12,1,-13,1,-14,-4,-15,-6,-17
8,4,8,4,8,4,8,4,8,5,8,5,8,6,9,5,9,5,9,4,8,4,9,4,8,4,9,3,9,3,8,3,9,4,8,3,9,3,8,4,9,4,9,4,9,3,9,4,11,3,9,2,10,2,10,1,10,3,10,2,9,0,8,0,6,0,-7,-1,-7,-1,7,1,-8,-2,-8,-2,-8,-1,7,0
10,16,11,16,11,15,11,16,9,17,9,17,9,19,11,19,12,18,13,17,15,19,17,16,19,14,21,13,18,11,19,6,11,17,11,16,14,17,15,17,18,17,20,14,21,12,19,10,21,7,19,6,19,5,20,2,24,-2,22,-4,15,0,14,-2,13,-8,-10,-11,12,-6,13,-6,13,-8,-14,-12,-14,-11,15,-10
10,26,12,25,13,24,13,26,9,28,8,28,9,30,11,29,14,28,16,27,22,30,25,26,29,23,32,19,32,15,29,5,12,27,14,26,19,28,22,27,27,26,30,22,32,18,31,13,31,7,29,5,29,1,30,-4,29,-10,24,-10,19,-6,17,-6,4,-11,-2,-11,-1,-13,4,-11,-2,-14,-3,-15,-4,-16,6,-13
-5,30,-5,29,-5,29,-5,29,-5,31,-6,30,-6,30,-5,32,-5,32,-7,30,-6,32,-6,31,-6,31,-5,34,-5,34,-6,29,-5,31,-6,30,-5,30,-6,30,-6,34,-5,33,-5,35,-5,34,-5,33,-6,33,-6,34,-6,32,-7,32,-6,31,-6,29,-5,27,-5,23,3,26,3,28,3,28,3,26,3,26,3,27,-6,26
-5,44,-5,43,-4,42,-4,44,-5,46,-5,45,-6,45,-5,47,-4,47,-5,46,-5,49,-5,48,-5,48,-4,51,-4,50,-6,45,-5,45,-6,45,-5,46,-5,46,-5,51,-4,50,-4,51,-5,51,-5,51,-5,53,-5,52,-5,50,-6,51,-5,50,-5,45,-4,44,-4,39,2,43,3,44,3,46,2,45,1,43,2,44,2,44
-5,59,-5,58,-4,60,-5,60,-6,61,-5,62,-6,63,-5,63,-5,63,-6,64,-6,66,-6,66,-6,65,-5,66,-6,66,-6,61,-6,60,-6,61,-6,62,-6,63,-6,65,-4,66,-4,66,-6,68,-5,68,-6,70,-6,70,-5,69,-5,70,-6,67,-6,63,-4,61,-5,55,1,59,1,60,1,61,1,60,1,60,1,60,2,60
4,30,4,30,2,30,3,30,3,31,2,31,3,30,3,33,3,33,2,30,3,33,4,31,4,31,4,34,4,34,3,30,3,31,3,30,3,31,2,31,3,34,3,33,3,35,4,34,4,33,3,34,4,34,3,32,3,33,3,31,3,29,3,27,2,24,-6,26,-5,28,-5,28,-6,26,-7,26,-6,27,3,26
2,44,2,43,2,44,3,45,2,46,2,45,1,45,2,48,2,48,2,47,2,50,2,49,2,49,3,51,3,51,1,46,2,45,1,46,2,46,1,48,2,51,3,50,3,51,3,51,3,52,3,54,2,53,2,52,2,52,1,51,3,46,1,45,0,40,-5,42,-5,44,-4,45,-5,44,-6,42,-6,43,-3,43
1,59,1,59,1,59,1,60,1,61,1,61,0,63,0,63,0,63,1,64,0,65,0,65,0,65,1,65,1,66,0,61,1,60,0,61,0,61,0,63,1,64,2,66,2,66,1,67,2,68,1,70,1,70,1,69,0,69,0,67,0,63,-1,61,-1,55,-5,58,-5,60,-5,61,-5,60,-6,59,-6,60,-5,60
