1,-14,2,-14,0,-13,0,-13,1,-13,2,-13,2,-13,2,-13,2,-13,2,-14,1,-13,3,-15,3,-15,0,-14,2,-13,1,-13,1,-13,1,-13,1,-14,1,-13,1,-13,1,-13,2,-14,1,-13,1,-13,1,-12,2,-12,-1,-14,3,-13,3,-13,2,-13,2,-14,0,-13,0,-13,2,-13,2,-13,0,-16,1,-16,4,-14,3,-14,3,-15,-1,-13,3,-13,2,-14,2,-13,2,-13,2,-13,-1,-14,2,-14,0,-13,3,-13,3,-14,1,-13,3,-13,0,-13,2,-14,3,-15,3,-15
0,0,0,0,0,0,0,0,0,0,0,0,0,0,0,0,0,0,0,0,0,0,0,0,0,0,0,0,0,0,0,0,0,0,0,0,0,0,0,0,0,0,0,0,0,0,0,0,0,0,0,0,0,0,0,0,0,0,0,0,0,0,0,0,0,0,0,0,0,0,0,0,0,0,0,0,0,0,0,0,0,0,0,0,0,0,0,0,0,0,0,0,0,0,0,0,0,0,0,0,0,0,0,0,0,0,0,0,0,0,0,0,0,0,0,0
-6,-1,-6,-2,-7,-1,-6,-1,-6,0,-6,-1,-7,-1,-6,-1,-6,-1,-6,-1,-6,-1,7,2,-6,-2,-7,-1,-6,-1,-6,-1,-6,0,-6,-2,-7,-2,-6,-2,-5,-1,-6,-2,7,0,-6,-2,-6,-2,-7,3,-7,3,-6,-2,-6,-1,-6,-1,-6,-2,-6,-2,-6,0,-6,-1,-7,-2,-6,-1,-6,-1,-6,-2,-6,-2,-6,-2,-7,-1,-7,-1,-7,-2,6,-1,6,0,-5,-2,-6,-1,-7,-2,-7,-1,-7,-2,-7,-3,-6,-2,6,1,7,0,-6,-2,-6,-2,-6,-2,-6,-2
-9,-13,-7,-14,-6,-12,-6,-10,-6,-10,-5,-9,-6,-11,-6,-12,-8,-14,-9,-14,-10,-12,13,-8,13,-10,-10,-12,-9,-13,-8,-12,-9,-12,-10,-12,-10,-13,-8,-14,13,-10,12,-11,12,-10,-8,-13,-8,-13,-8,11,-8,12,-10,-13,-10,-12,-9,-12,-9,-14,-10,-13,-11,-11,-10,-11,-10,-12,12,-9,-9,-10,-10,-11,-10,-11,-10,-11,-10,-10,12,-9,-11,-11,12,-11,12,-10,-9,-12,-9,-12,-11,-12,-10,-11,-10,-11,-9,-10,13,-9,12,-9,14,-9,-10,-12,-10,-12,-10,-12,-10,-12
-4,-20,-1,-21,-1,-19,-1,-17,0,-18,0,-16,-1,-18,-1,-20,-3,-22,-7,-22,-5,-20,5,-17,4,-18,-4,-22,-2,-21,-1,-19,-3,-19,-4,-20,-6,-21,-1,-22,6,-21,4,-21,6,-19,3,-21,-1,-21,-11,18,-11,20,-5,-22,-3,-21,-3,-19,-2,-21,-3,-21,-5,-19,-3,-20,-2,-19,4,-16,-2,-16,-2,-17,-2,-18,-3,-20,-2,-16,8,-17,-3,-17,6,-19,7,-17,-2,-18,-3,-19,-5,-20,-3,-19,-3,-17,5,-17,6,-17,6,-17,8,-17,-4,-20,-2,-19,-3,-18,-2,-18
7,-1,7,-1,7,-1,7,0,6,1,6,2,6,0,6,1,6,0,6,0,7,0,-6,-2,-6,-2,7,0,7,-1,7,0,7,0,7,-1,6,-1,7,0,7,0,6,0,-6,-2,6,0,6,0,7,3,8,3,6,-1,6,0,6,-1,6,-1,6,-1,6,0,6,0,6,0,7,1,7,0,7,-1,7,0,7,-1,7,1,6,1,6,0,-6,-3,-6,-2,5,0,6,0,6,0,6,0,6,1,7,1,7,1,-7,-2,-6,-3,7,0,7,-1,7,0,7,0
11,-11,10,-12,9,-10,9,-8,8,-9,8,-5,9,-10,9,-10,10,-11,11,-9,13,-8,-9,-10,-9,-12,13,-10,12,-12,12,-10,11,-11,12,-11,12,-11,13,-10,12,-11,12,-11,-8,-13,12,-11,12,-11,10,12,9,13,13,-11,13,-10,12,-11,13,-11,13,-11,13,-9,12,-9,12,-11,12,-10,13,-9,14,-10,14,-10,14,-10,13,-9,13,-9,13,-9,-9,-13,-9,-12,12,-10,12,-10,13,-10,12,-10,12,-9,13,-10,-9,-11,-10,-11,-9,-11,14,-10,14,-10,14,-10,14,-10
10,-19,7,-20,4,-19,5,-17,4,-17,4,-15,7,-17,7,-18,10,-19,12,-18,11,-15,-1,-18,-1,-20,10,-19,5,-21,5,-19,5,-20,7,-20,10,-20,9,-20,-1,-21,0,-21,-1,-20,0,-21,6,-21,13,21,11,21,10,-19,7,-20,4,-19,6,-19,7,-19,10,-18,8,-18,4,-18,-1,-17,6,-16,7,-17,7,-17,9,-18,6,-15,-5,-18,5,-17,-2,-20,-2,-18,7,-17,6,-19,9,-18,6,-18,6,-18,0,-18,-1,-18,-3,-18,-1,-19,10,-18,8,-17,8,-17,7,-17
-4,20,-4,20,-5,22,-4,23,-4,24,-5,26,-5,24,-5,23,-5,21,-5,21,-5,20,-4,23,-4,21,-4,21,-4,21,-4,23,-4,22,-4,21,-4,20,-4,20,-4,20,-4,21,-4,20,-4,20,-4,20,-4,24,-4,22,-4,19,-4,20,-3,20,-4,19,-4,19,-4,19,-4,19,-4,20,-3,21,-4,21,-4,20,-4,20,-4,20,-4,22,-5,21,-5,22,-4,19,3,20,-4,20,-5,20,-5,20,-5,22,-5,21,-4,21,-4,21,3,21,-4,21,-4,20,-4,21,-4,21,-4,21
-4,37,-4,36,-5,39,-4,39,-4,40,-4,42,-4,39,-5,37,-4,36,-4,36,-4,37,-4,39,-4,37,-3,37,-3,37,-3,38,-3,37,-3,37,-3,36,-3,35,-3,36,-3,36,-3,36,-3,36,-3,36,-3,38,-3,37,-4,34,-3,35,-3,35,-3,34,-4,35,-3,36,-3,35,-3,36,-3,37,-3,37,-3,35,-3,35,-3,35,-3,37,-4,37,-4,36,-3,34,-3,35,-4,35,-4,35,-4,35,-4,36,-3,36,-3,36,-3,36,-3,35,-3,36,-3,35,-3,36,-4,36,-3,36
-5,52,-4,52,-5,54,-5,55,-5,55,-4,57,-5,55,-5,53,-5,52,-5,52,-4,52,-4,54,-4,52,-3,52,-3,52,-3,54,-3,53,-3,52,-3,52,-3,52,-3,52,-3,52,-3,52,-3,52,-3,52,-3,54,-3,54,-4,51,-3,52,-3,52,-3,50,-3,51,-3,51,-3,51,-3,51,-3,52,-3,52,-3,51,-3,51,-3,51,-3,53,-4,52,-4,52,-4,51,-3,52,-4,51,-4,51,-4,50,-4,52,-4,52,-3,52,-3,52,-3,51,-3,51,-3,50,-3,51,-3,51,-3,51
4,20,5,21,4,23,3,23,2,24,3,26,3,24,4,23,3,21,4,21,3,20,3,23,4,21,3,22,4,21,4,23,4,22,4,21,4,20,4,20,4,20,4,21,4,20,4,20,4,20,4,24,4,22,4,19,3,20,2,20,3,19,3,19,4,19,4,19,4,20,-4,20,5,21,5,20,5,20,5,20,4,22,2,21,3,22,3,19,-4,20,3,20,4,20,4,21,4,22,3,21,4,21,4,21,-5,21,5,21,5,20,4,21,4,21,4,21
3,36,3,36,2,39,3,39,2,40,2,42,3,39,2,38,3,36,3,36,4,37,3,39,4,37,3,37,4,38,4,38,4,38,4,37,4,36,4,36,4,36,4,36,4,36,4,36,4,36,4,38,4,37,3,34,3,36,2,35,3,34,3,35,3,36,4,35,3,36,2,37,4,37,4,36,5,36,4,36,4,37,3,37,3,37,3,35,2,35,3,35,3,35,3,36,3,37,3,37,4,37,4,37,3,36,4,36,4,35,3,36,3,36,4,36
3,52,2,52,2,55,2,56,1,55,1,57,2,55,2,53,2,52,2,52,3,52,3,54,4,52,4,53,4,53,4,54,4,54,4,53,4,52,4,52,4,52,4,52,4,52,4,52,4,52,4,54,4,54,3,51,3,52,2,52,3,51,4,51,3,51,4,51,4,51,-4,53,4,52,4,51,4,51,4,51,4,53,3,52,3,52,3,51,2,52,3,52,3,52,3,51,3,52,3,52,4,52,4,52,3,51,4,51,4,51,4,51,4,51,4,51
