0,-14,0,-14,0,-14,0,-14,0,-14,0,-14,0,-14,0,-14,0,-15,0,-15,0,-15,0,-14,-1,-14,0,-14,-1,-14,-1,-14,-1,-14,-1,-14,-1,-14,0,-14,0,-14,-1,-15,-1,-12,0,-14,-1,-14,-1,-14,-1,-15,-1,-15,1,-15,0,-15,-1,-14,0,-15,-1,-12,0,-14,-1,-13,-1,-13,0,-13,0,-15,-1,-14,0,-14,-1,-14,-2,-14,0,-14,0,-14,0,-13,0,-13,0,-13,-1,-13,0,-13,-1,-14,0,-14,1,-14,1,-14,0,-14,0,-13,0,-13,-1,-13,-1,-13,0,-14,-1,-13,-1,-13,-1,-14,0,-13,0,-13,0,-12,0,-12,1,-13,1,-13,0,-13,1,-12,0,-12,1,-14,-1,-14,-1,-14,0,-14,-1,-15,0,-14,0,-14,0,-14,1,-14,0,-15,0,-15,0,-14,2,-14,0,-14,0,-12,2,-14,-1,-13,0,-13,0,-13,0,-12,0,-12,-1,-12,0,-13,-1,-12,-2,-36,0,-12
0,0,0,0,0,0,0,0,0,0,0,0,0,0,0,0,0,0,0,0,0,0,0,0,0,0,0,0,0,0,0,0,0,0,0,0,0,0,0,0,0,0,0,0,0,0,0,0,0,0,0,0,0,0,0,0,0,0,0,0,0,0,0,0,0,0,0,0,0,0,0,0,0,0,0,0,0,0,0,0,0,0,0,0,0,0,0,0,0,0,0,0,0,0,0,0,0,0,0,0,0,0,0,0,0,0,0,0,0,0,0,0,0,0,0,0,0,0,0,0,0,0,0,0,0,0,0,0,0,0,0,0,0,0,0,0,0,0,0,0,0,0,0,0,0,0,0,0,0,0,0,0,0,0,0,0,0,0,0,0,0,0,0,0,0,0,0,0,0,0,0,0,0,0,0,0,0,0,0,0,0,0,0,0,0,0,0,0,0,0,0,0,0,0
-9,3,-8,3,-8,4,-9,4,-9,4,-9,5,-9,5,-9,4,-10,4,-9,4,-9,4,-9,4,-9,4,-8,4,-8,4,-8,3,-9,3,-8,3,-10,4,-10,3,-10,4,-10,3,-7,2,-8,3,-9,3,-9,2,-9,2,-10,2,-9,2,-9,2,-8,3,-8,1,-7,3,-7,3,-8,3,-8,3,-8,3,-8,2,-9,2,-9,2,-10,3,-9,2,-8,2,-8,2,-9,3,-8,3,-7,3,-8,3,-8,4,-8,4,-8,3,-8,3,-8,3,-8,3,-8,4,-8,4,-8,4,-8,4,-7,3,-7,3,-8,3,-8,2,-7,3,-8,4,-8,4,-8,4,-7,3,-8,3,-8,4,-7,4,-7,4,-8,3,-9,2,-9,2,-9,1,-9,1,-8,2,-8,2,-8,3,-6,3,-7,2,-7,3,-8,3,-7,4,-8,3,-7,4,8,0,-6,3,-7,3,-8,3,-7,3,-6,3,-8,3,-6,3,-7,3,-5,-20,-6,3
-18,11,-16,12,-15,15,-13,14,-12,16,-10,17,-10,17,-10,17,-10,17,-10,17,-10,17,-11,16,-12,16,-13,15,-15,14,-17,13,-19,11,-19,8,-22,6,-20,3,-21,1,-21,-2,-11,11,-18,5,-19,4,-20,-5,-20,-3,-21,-1,-21,1,-20,4,-19,6,-18,6,-10,13,-11,12,-13,13,-16,12,-17,11,-19,8,-20,5,-18,3,-20,1,-20,-2,-19,5,-18,6,-18,9,-16,11,-15,11,-14,13,-13,15,-12,15,-10,15,-9,15,-9,16,-9,16,-9,16,-10,16,-11,15,-12,15,-13,13,-15,11,-14,12,-13,12,-11,14,-10,15,-9,15,-10,16,-8,15,-9,15,-9,16,-9,15,-11,14,-18,3,-19,0,-20,0,-20,2,-19,5,-19,8,-18,9,-16,11,-14,13,-15,13,-13,14,-11,15,-9,15,-8,15,-8,15,13,-10,-11,12,-9,13,-9,14,-8,14,-8,14,-10,14,-9,13,-11,13,-2,-20,-11,11
-27,16,-24,20,-21,22,-19,24,-16,25,-13,26,-11,28,-10,28,-10,28,-11,28,-13,27,-14,26,-17,25,-19,24,-23,22,-27,18,-29,14,-30,9,-31,4,-29,-1,-28,-5,-26,-11,-15,19,-26,3,-27,-1,-16,-16,-20,-14,-24,-12,-28,-8,-28,-2,-28,3,-27,5,-14,21,-18,20,-21,19,-24,17,-27,12,-28,7,-29,2,-27,-2,-26,-6,-23,-11,-27,1,-27,5,-27,10,-25,15,-23,18,-21,21,-19,23,-16,24,-14,24,-11,24,-10,26,-9,26,-11,27,-13,25,-16,24,-19,23,-21,20,-23,16,-20,19,-18,20,-16,22,-14,24,-12,24,-11,26,-9,25,-10,25,-11,25,-13,24,-16,22,-25,-1,-25,-5,-24,-8,-27,-4,-27,0,-27,5,-27,9,-25,14,-22,18,-21,20,-18,23,-15,24,-11,25,-9,25,-9,25,4,-16,-16,20,-12,22,-9,23,-9,24,-10,23,-13,22,-13,20,-18,19,9,-16,-18,17
8,3,8,3,8,4,9,4,9,4,9,5,9,5,9,4,8,4,8,4,8,4,8,4,9,4,9,4,8,4,9,3,9,3,9,3,10,3,11,3,10,2,10,2,7,3,10,3,9,3,10,1,11,1,11,2,10,2,9,2,9,2,8,1,7,3,8,3,8,4,9,4,9,3,9,2,9,2,10,2,10,2,10,1,9,2,8,1,8,3,8,3,8,3,8,4,8,4,8,4,9,3,8,3,8,3,8,3,8,4,8,4,8,4,8,4,8,3,7,3,8,3,7,3,8,4,8,4,7,4,8,4,8,4,8,4,8,4,8,5,8,4,10,2,9,1,10,1,9,1,9,1,8,1,8,1,8,2,9,3,8,3,8,3,8,4,8,3,8,3,8,3,-7,-1,7,3,7,3,7,3,8,3,8,4,7,4,8,3,7,4,3,-23,8,3
16,13,15,14,14,16,12,15,11,16,10,17,9,17,8,17,8,16,9,16,10,16,11,16,13,16,15,16,16,15,18,12,19,10,19,7,21,6,23,3,22,0,21,-2,11,13,19,5,22,4,20,-4,21,-3,21,0,22,2,21,4,20,7,18,7,11,15,13,14,15,14,17,13,18,11,18,8,19,6,22,4,20,2,20,-1,19,6,19,8,17,11,16,12,15,13,14,15,12,16,11,15,10,15,9,15,9,15,8,15,8,16,9,16,10,16,12,16,14,14,14,12,13,13,12,13,12,14,10,15,9,15,8,16,9,15,9,15,10,15,11,15,12,15,21,4,20,0,20,0,20,2,20,4,19,8,18,10,16,11,16,13,13,14,12,15,10,15,10,15,9,14,9,15,-12,-9,12,13,10,14,8,14,8,14,9,14,8,15,11,14,11,14,11,-15,12,13
25,20,23,23,20,26,17,26,14,27,11,28,8,27,6,27,8,27,10,28,12,28,14,27,17,27,21,26,23,23,28,20,30,15,31,10,31,5,33,-1,30,-6,27,-10,16,21,30,5,29,1,16,-13,19,-12,22,-8,27,-4,29,-2,28,5,26,7,14,24,19,22,22,22,26,20,28,16,30,10,29,5,31,-1,27,-4,23,-8,26,0,27,5,25,11,25,15,24,19,21,23,18,25,15,25,13,26,11,26,10,26,9,26,10,27,12,27,14,27,17,26,21,23,22,17,20,20,18,21,16,24,13,25,11,25,9,26,9,25,9,25,11,26,13,26,16,24,29,1,28,-6,22,-8,25,-4,29,-2,28,5,27,10,26,15,25,20,21,22,18,24,14,26,10,25,10,25,9,25,-4,-16,18,21,13,23,9,23,9,24,10,24,11,24,15,23,17,22,12,-14,18,19
-5,31,-5,30,-5,31,-5,29,-5,29,-5,31,-5,31,-6,30,-6,30,-6,30,-6,30,-5,29,-5,30,-4,30,-6,30,-5,29,-5,30,-5,30,-5,30,-4,30,-5,30,-5,29,-5,25,-3,26,-5,28,-6,30,-6,30,-6,30,-5,30,-5,28,-4,28,-4,25,-5,26,-5,25,-5,26,-5,28,-4,29,-5,27,-5,28,-4,27,-5,28,-5,28,-4,29,-4,28,-5,29,-4,29,-5,29,-5,29,-5,29,-5,28,-5,27,-5,27,-6,27,-6,27,-6,29,-6,28,-6,28,-6,28,-4,28,-5,27,-5,27,-5,26,-4,27,-4,27,-5,27,-6,26,-5,26,-5,26,-5,26,-4,27,-5,27,-4,27,-5,27,-5,28,-5,28,-5,27,-5,28,-5,28,-5,29,-4,29,-5,28,-5,28,-6,28,-5,28,-5,26,-4,26,4,21,-4,25,-4,25,-6,23,-5,25,-5,25,-5,26,-4,25,-5,25,-7,2,-4,24
-5,48,-5,47,-5,48,-6,48,-5,48,-5,49,-5,49,-6,47,-6,48,-6,47,-6,46,-6,47,-5,47,-5,48,-6,48,-5,47,-5,47,-5,48,-5,48,-4,48,-5,47,-5,48,-4,39,-3,42,-5,45,-6,50,-6,49,-6,50,-5,50,-5,48,-5,46,-5,42,-5,40,-5,41,-6,44,-5,45,-4,45,-5,44,-5,45,-4,45,-5,46,-5,45,-5,46,-5,46,-6,45,-5,46,-5,46,-5,46,-5,46,-6,45,-5,44,-5,44,-6,44,-6,44,-6,45,-6,45,-6,45,-6,45,-5,44,-5,43,-5,43,-6,42,-4,43,-5,42,-6,43,-6,43,-5,41,-5,42,-5,42,-5,42,-5,42,-4,43,-5,42,-5,46,-5,45,-5,45,-5,45,-5,45,-5,46,-4,47,-5,46,-5,45,-6,46,-4,45,-4,42,-4,42,4,37,-4,39,-4,40,-5,38,-4,39,-4,40,-5,40,-4,39,-5,39,-7,17,-4,37
-5,64,-5,64,-5,65,-6,64,-6,64,-6,65,-6,65,-6,64,-6,64,-6,64,-6,63,-6,64,-5,63,-5,64,-7,65,-6,64,-6,64,-5,64,-5,64,-4,64,-5,63,-5,64,-5,52,-4,57,-5,60,-6,67,-7,67,-6,68,-5,67,-5,65,-5,63,-6,58,-5,53,-5,56,-6,59,-6,62,-5,62,-5,61,-5,61,-4,61,-5,61,-5,61,-5,61,-6,60,-5,61,-5,61,-5,61,-6,62,-6,62,-6,61,-6,60,-6,60,-6,60,-6,60,-6,60,-6,61,-6,60,-6,60,-5,60,-6,58,-5,58,-5,57,-4,57,-5,57,-6,58,-6,58,-6,57,-5,57,-5,57,-5,58,-5,58,-4,58,-5,58,-6,62,-4,60,-4,61,-5,61,-5,61,-5,62,-4,63,-5,62,-5,61,-7,62,-5,60,-4,58,-4,56,6,52,-4,53,-4,53,-5,52,-3,53,-4,54,-5,54,-4,53,-4,54,-7,30,-4,50
4,31,5,31,5,31,4,30,5,30,4,31,4,31,4,30,3,30,4,31,3,30,4,30,4,30,5,31,4,31,5,29,4,30,4,30,4,30,5,31,5,30,4,30,3,25,5,26,4,28,3,31,4,30,4,31,4,31,4,28,4,29,4,25,3,26,4,26,4,27,3,29,5,29,4,28,5,28,5,27,4,28,4,28,3,30,4,28,4,29,4,29,4,29,4,29,5,29,4,28,4,28,4,28,4,27,3,27,3,30,4,28,4,29,4,30,5,29,3,27,4,27,3,26,4,27,3,27,3,28,2,27,3,26,3,26,4,27,4,28,4,28,4,28,3,28,4,28,3,28,4,28,4,28,4,29,5,29,5,29,4,28,4,28,3,28,4,28,4,26,4,26,-4,21,4,25,4,25,3,23,3,25,4,25,3,26,4,25,3,25,0,2,3,24
5,48,5,47,5,48,5,48,5,48,6,49,5,48,5,47,4,48,5,47,4,47,4,47,5,47,5,48,4,48,5,47,5,47,5,47,5,48,6,48,5,48,5,48,4,39,6,42,5,45,5,50,5,49,5,50,5,49,5,47,5,46,5,42,4,40,4,41,5,44,5,45,6,45,5,44,5,45,6,45,5,45,5,45,5,45,4,45,4,45,5,46,4,46,5,46,4,46,4,45,4,44,4,44,4,44,4,44,4,46,4,46,4,45,4,46,5,44,4,43,4,42,4,42,5,42,5,42,4,43,3,43,5,42,4,42,4,42,5,42,5,42,5,42,4,42,4,46,5,45,5,45,5,45,5,45,5,46,6,46,5,45,5,45,4,45,5,45,5,42,5,41,-4,37,5,39,5,40,4,38,5,39,5,40,3,40,5,39,4,39,1,17,5,36
7,64,7,63,7,64,6,64,6,64,6,65,6,65,6,64,6,63,6,64,6,63,6,63,6,63,7,64,6,65,6,63,6,63,6,63,6,64,7,64,7,64,6,64,5,52,7,57,6,60,6,66,6,66,6,67,7,66,6,64,6,62,6,58,4,54,5,56,5,59,6,62,7,62,6,60,6,61,7,61,6,61,7,60,6,60,6,60,6,61,6,61,6,61,6,61,5,61,5,61,5,60,5,60,5,60,5,60,5,61,5,61,5,61,5,61,6,60,5,58,5,57,5,56,7,57,5,57,5,58,5,58,5,57,5,57,5,57,6,58,5,58,7,57,5,58,6,62,6,61,6,60,6,61,6,61,6,62,8,62,6,61,6,60,5,61,7,60,7,57,6,56,-4,52,6,52,6,53,6,52,7,53,6,54,5,54,6,53,5,54,3,30,5,50
