-5,-16,-1,-16,-2,-16,-3,-17,-3,-16,-1,-17,-3,-17,-5,-16,-4,-16,-3,-17,-3,-17,-3,-17,-3,-16,-2,-16,-2,-16,-3,-16,-1,-16,-1,-16,-2,-16,-2,-17,-1,-17,-3,-16,-6,-16,-6,-16,-6,-16,-5,-16,-4,-16,-5,-17,-5,-16,-5,-16,-5,-16,-3,-16,-3,-17,-3,-16,-1,-15,-2,-16,-2,-15,0,-15,0,-15,0,-16,-1,-16,-1,-17,-1,-16,0,-17,0,-16,-1,-17,-2,-16,-5,-16,-1,-17,0,-16,-2,-16,0,-16,-2,-16,-2,-16
0,0,0,0,0,0,0,0,0,0,0,0,0,0,0,0,0,0,0,0,0,0,0,0,0,0,0,0,0,0,0,0,0,0,0,0,0,0,0,0,0,0,0,0,0,0,0,0,0,0,0,0,0,0,0,0,0,0,0,0,0,0,0,0,0,0,0,0,0,0,0,0,0,0,0,0,0,0,0,0,0,0,0,0,0,0,0,0,0,0,0,0,0,0,0,0,0,0,0,0,0,0,0,0,0,0,0,0
1,3,3,6,1,5,0,5,3,7,-2,3,4,6,2,6,2,6,2,6,2,6,1,4,2,5,2,5,2,5,1,4,1,4,3,5,4,7,-5,3,-3,3,-1,4,1,5,2,5,2,5,2,5,3,5,2,4,2,4,2,4,2,4,2,6,3,6,0,5,3,6,3,4,1,5,2,6,4,4,3,5,3,5,2,4,3,5,2,5,4,6,-1,3,3,5,3,7,1,4,3,6,4,4,1,3,3,7,2,6
1,13,2,16,-1,17,-13,10,2,18,-15,7,3,19,1,17,2,17,2,17,2,16,-2,13,1,18,1,17,2,18,1,17,-13,6,3,18,6,21,-17,7,-15,10,-1,17,1,17,2,17,2,17,3,17,4,16,2,16,1,16,2,15,1,15,0,17,1,17,1,18,3,15,3,14,0,17,2,16,3,15,3,16,2,16,3,16,3,18,3,16,4,18,-16,8,2,19,6,19,-18,3,4,19,4,15,-12,9,1,17,0,16
-1,24,-6,18,-12,21,-13,2,-6,26,-20,-2,-1,32,-1,30,-5,15,0,28,-1,27,-14,13,-1,30,0,27,-6,25,-6,23,-18,0,-1,30,0,32,-28,2,-24,5,-10,15,-5,16,-1,29,0,29,0,28,1,27,-1,28,-1,28,-1,26,-1,25,-7,8,-1,27,-13,3,0,25,-1,22,-7,23,-4,25,1,24,2,26,-1,27,1,28,1,30,-28,-2,0,30,-25,3,-3,23,-3,16,-27,-2,-2,29,1,26,-19,6,-9,14,-8,13
0,3,-2,4,0,4,1,6,-2,5,2,4,-3,3,-1,4,0,5,0,5,0,5,0,4,0,5,1,4,1,5,1,5,0,4,-1,3,2,7,5,6,5,6,3,6,0,4,0,4,0,4,-1,4,0,4,-2,4,0,4,0,4,0,4,1,6,0,5,1,6,-3,2,-2,2,-1,4,-1,3,-3,1,-3,2,-4,1,-1,2,-3,1,-2,2,-3,3,-2,2,-3,2,-2,6,-1,3,-3,3,-3,1,-1,2,-1,4,-1,3
-13,9,-6,16,-6,18,-3,20,-15,8,0,19,-17,6,-17,4,-16,7,-15,9,-14,12,-11,14,-5,19,-2,18,1,19,-2,20,2,18,-15,4,7,22,11,21,11,21,2,21,-17,-1,-14,1,-15,0,-15,1,-15,2,-16,4,-15,6,-15,10,-14,11,-7,17,-5,17,-2,19,-16,1,-17,-1,-2,18,-16,1,-15,-1,-16,-1,-18,-1,-18,-1,-18,1,-18,2,-18,5,-17,8,-16,11,-19,8,-18,3,-18,5,-16,7,-13,9,-1,18,-5,16
-23,7,-16,19,-14,22,-12,26,-17,0,-5,28,-24,-1,-26,-1,-25,2,-24,5,-22,9,-19,13,-14,21,-12,23,-8,25,-10,23,-4,26,-21,-3,-1,34,1,31,1,27,-10,16,-28,-7,-22,-5,-23,-5,-25,-4,-22,-2,-26,-2,-19,4,-24,4,-22,7,-15,17,-14,19,-12,22,-24,-4,1,21,-9,24,-24,-5,-24,-5,-27,-5,-27,-5,-27,-5,-27,-4,-27,-2,-27,1,-26,2,-23,6,-25,5,0,31,-27,0,-24,3,-20,5,-10,14,-13,11
0,28,2,31,0,31,-1,33,0,34,-1,34,1,36,-2,36,-1,36,0,34,0,34,0,32,-1,33,0,32,-1,31,-1,31,0,33,1,33,0,35,-1,36,-1,34,-1,37,-2,35,-2,35,0,34,-1,34,0,33,-1,32,-1,32,-1,33,-1,32,0,32,-1,31,-2,32,2,32,0,30,0,30,0,32,3,32,2,32,0,33,0,33,1,34,0,35,2,35,1,35,0,36,0,37,0,33,1,34,2,31,2,31,2,32,2,31
-1,47,0,50,0,50,0,52,0,53,1,54,1,57,-2,56,-1,55,-1,55,-1,55,-1,53,0,52,0,51,0,50,-1,50,0,52,1,53,0,54,0,55,0,55,0,57,-1,55,-2,55,-1,54,-2,55,0,53,-2,52,-2,52,-2,52,-2,52,-1,51,-1,51,-1,51,0,50,0,48,0,48,1,49,1,50,2,51,1,52,0,52,1,53,1,54,2,55,1,55,0,57,-2,59,0,52,0,52,0,50,1,50,0,50,0,50
-1,66,1,69,0,69,0,72,0,73,1,74,0,78,-1,76,0,75,-1,74,-1,73,-2,72,0,70,0,69,0,68,0,67,2,70,2,71,1,74,1,75,1,76,0,77,-1,74,0,74,-1,73,-2,74,0,73,-1,71,-2,71,-2,70,-2,70,-1,70,0,69,-1,69,0,67,1,66,-1,66,2,67,1,68,2,69,1,69,1,70,2,72,1,73,2,74,1,75,0,77,-1,79,1,70,1,70,0,68,1,68,0,67,-1,67
-2,28,-1,31,-2,31,0,33,-1,34,2,34,0,36,-2,36,-1,36,-1,35,-1,34,-2,33,0,33,0,32,1,31,-1,31,2,33,2,33,1,35,1,36,2,34,1,37,-1,35,-1,35,-1,34,-1,34,0,33,-1,32,-1,32,-2,33,-2,32,-1,32,-1,31,-1,32,-1,32,0,30,0,30,1,31,-1,32,0,32,1,33,1,33,0,34,2,35,1,34,1,35,0,36,-2,38,2,33,0,34,0,31,1,31,-1,32,-1,31
-2,48,0,51,-1,51,0,53,0,54,1,55,0,58,-2,57,-1,56,-1,55,0,56,-1,54,0,52,0,52,1,51,-1,50,0,52,1,53,1,55,0,56,2,56,0,57,-1,56,-1,56,-1,55,-1,56,0,54,-2,54,-2,53,-1,53,-2,52,-1,52,0,51,-1,52,0,50,0,49,0,49,0,50,0,50,0,51,1,52,1,52,0,54,1,55,1,56,1,56,0,57,-2,59,0,52,0,52,0,51,1,50,-1,50,-1,50
0,68,2,71,1,72,0,74,0,76,2,77,1,80,0,80,1,78,0,77,0,76,0,75,1,73,1,71,1,70,1,70,2,72,2,74,1,77,2,78,3,79,2,80,0,77,0,77,0,76,0,76,1,75,0,74,0,73,-1,73,0,72,1,72,0,71,0,72,1,68,1,67,0,68,2,67,1,69,2,70,1,71,2,71,2,74,2,75,2,77,1,77,1,79,0,83,2,72,1,72,1,70,2,71,0,69,0,69
