-1,-17,-1,-18,-2,-17,-2,-17,-2,-17,-2,-18,-2,-17,-2,-17,-3,-17,-2,-17,-3,-17,-1,-16,0,-16,1,-17,1,-17,-3,-18,-4,-17,-3,-17,-3,-16,-3,-16
0,0,0,0,0,0,0,0,0,0,0,0,0,0,0,0,0,0,0,0,0,0,0,0,0,0,0,0,0,0,0,0,0,0,0,0,0,0,0,0
-3,2,-1,1,-2,3,3,4,3,5,2,6,6,7,2,6,-1,2,-3,3,-2,2,0,2,-3,1,-3,2,-3,1,4,6,3,6,2,5,2,5,3,3
-10,7,-7,6,-6,11,2,14,2,15,1,18,10,15,2,18,-10,8,-7,10,-5,10,-10,5,-12,4,-12,2,-13,1,4,16,5,13,2,14,1,13,2,12
-18,1,-13,3,-13,6,-5,10,-1,25,0,30,4,7,-4,20,-16,4,-12,9,-12,7,-16,-2,-19,-4,-22,-6,-23,-7,1,29,-1,15,-1,24,-3,10,0,23
3,5,2,5,1,5,-1,5,0,4,0,5,-5,6,-1,5,3,7,3,6,3,6,-1,3,2,1,3,2,1,4,0,4,-2,4,-1,4,-1,4,0,3
1,19,-1,18,-8,17,-15,12,-16,9,-18,4,-18,2,-21,6,2,22,-3,21,-4,18,-10,5,-8,5,-2,6,8,21,-19,-1,-18,3,-17,3,-16,8,-13,10
-8,15,-11,11,-16,7,-22,2,-25,-3,-28,-4,-31,-5,-32,-4,-10,16,-13,12,-13,10,-15,-2,-2,-3,-20,-6,-5,19,-30,-10,-28,-7,-27,-7,-22,-2,-18,1
-3,30,-2,31,-3,32,-2,35,-1,33,-2,36,0,38,-3,39,-4,36,-3,35,-3,32,2,27,1,26,1,34,-2,37,2,36,0,34,-3,32,-2,32,0,29
0,48,0,49,0,51,-1,54,0,53,-1,56,-1,60,-1,60,0,56,0,53,0,50,0,44,0,46,1,52,0,55,1,58,0,55,-1,52,-1,50,0,47
1,66,2,65,0,67,1,70,1,71,-1,73,0,79,0,79,0,73,1,70,0,66,-1,62,0,64,0,69,0,72,0,77,-1,74,0,69,0,66,-1,62
-1,30,-1,32,-2,32,-2,35,-2,34,-2,36,-3,39,-3,39,-1,36,-1,35,-2,32,-2,28,-1,27,-2,35,0,37,-3,37,-4,35,-2,32,-2,33,-3,30
0,50,2,50,0,52,1,56,0,55,1,57,0,61,0,61,2,57,1,55,0,51,0,46,0,49,1,53,1,56,0,59,0,56,0,52,0,51,0,48
2,70,4,71,2,73,2,76,2,77,2,78,2,84,2,85,3,79,3,76,2,71,2,65,2,70,3,74,3,77,3,82,0,79,1,74,1,70,2,67
