2,-14,2,-15,1,-15,2,-14,1,-15,1,-15,1,-14,1,-15,1,-14,1,-14,1,-14,1,-14,1,-14,1,-14,1,-14,1,-14,1,-14,1,-13,1,-13,0,-13,1,-14,1,-14,1,-14,1,-14,1,-14,0,-14,0,-14,1,-14,1,-14,1,-14,1,-14,1,-14,0,-14,1,-14,1,-14,1,-14,1,-14,1,-15,1,-14,1,-14,1,-14,1,-13,1,-14,1,-13,1,-14,1,-14,1,-14,1,-14,1,-14,1,-14,1,-15,1,-14,1,-14,1,-15,1,-14,1,-14,1,-14,1,-14,1,-14,1,-14,1,-13,1,-15,1,-15,1,-14,1,-13,1,-14,0,-15,1,-14,1,-15,1,-15,1,-14,0,-14,1,-14,0,-14,1,-14,1,-14,1,-14,1,-14,1,-14,1,-14,1,-14,2,-14,0,-14,2,-14,2,-14,0,-14,2,-14,2,-14,2,-14,1,-14,1,-15
0,0,0,0,0,0,0,0,0,0,0,0,0,0,0,0,0,0,0,0,0,0,0,0,0,0,0,0,0,0,0,0,0,0,0,0,0,0,0,0,0,0,0,0,0,0,0,0,0,0,0,0,0,0,0,0,0,0,0,0,0,0,0,0,0,0,0,0,0,0,0,0,0,0,0,0,0,0,0,0,0,0,0,0,0,0,0,0,0,0,0,0,0,0,0,0,0,0,0,0,0,0,0,0,0,0,0,0,0,0,0,0,0,0,0,0,0,0,0,0,0,0,0,0,0,0,0,0,0,0,0,0,0,0,0,0,0,0,0,0,0,0,0,0,0,0,0,0,0,0,0,0,0,0,0,0,0,0,0,0,0,0,0,0,0,0,0,0,0,0,0,0,0,0,0,0,0,0,0,0,0,0
-9,4,-9,3,-10,2,-9,3,-9,2,-9,2,-10,2,-9,2,-10,3,-10,3,-10,3,-10,3,-10,3,-11,4,-11,4,-10,4,-10,4,-10,5,-10,5,-11,5,-11,4,-11,4,-11,4,-11,3,-10,3,-10,2,-10,3,-9,3,-9,3,-9,3,-9,3,-9,3,-10,2,-10,3,-10,2,-10,3,-10,4,-10,4,-10,4,-10,3,-10,3,-10,4,-10,4,-10,5,-10,4,-10,4,-10,4,-10,4,-10,3,-9,3,-10,3,-9,3,-9,3,-9,2,-9,3,-10,3,-10,3,-10,4,-10,4,-10,4,-10,5,-10,4,-10,4,-10,4,-10,5,-10,5,-11,4,-10,4,-10,4,-10,4,-10,4,-11,4,-11,3,-11,4,-10,4,-10,4,-10,4,-10,4,-10,5,-10,4,-10,4,-9,4,-10,4,-9,4,-10,6,-10,5,-10,4,-10,4,-9,4,-9,4,-8,2
-15,16,-16,15,-17,14,-16,14,-16,13,-16,12,-17,12,-16,11,-15,13,-15,13,-15,14,-15,15,-14,15,-14,15,-14,17,-13,17,-12,17,-12,17,-13,17,-15,17,-15,17,-16,16,-16,15,-16,15,-17,15,-17,14,-16,13,-16,12,-16,12,-16,12,-16,12,-15,12,-16,13,-16,13,-15,14,-15,15,-14,15,-14,16,-13,17,-12,16,-12,16,-13,17,-14,16,-14,18,-14,17,-15,15,-15,15,-16,15,-16,15,-16,14,-15,12,-15,13,-16,13,-16,12,-16,13,-15,13,-15,13,-15,14,-16,16,-14,16,-13,17,-13,17,-12,17,-11,17,-11,17,-12,18,-14,16,-14,17,-14,16,-14,15,-16,16,-16,15,-17,15,-17,15,-15,14,-15,15,-14,16,-14,15,-14,18,-12,18,-11,17,-11,17,-13,16,-13,17,-13,18,-14,16,-14,16,-15,16,-15,16,-15,15,-15,14
-15,25,-17,25,-20,25,-21,24,-24,22,-25,20,-26,18,-25,18,-24,20,-22,21,-22,23,-19,23,-17,24,-13,24,-8,24,-6,22,-4,22,-5,23,-7,22,-9,24,-10,25,-13,26,-16,25,-19,25,-21,25,-24,23,-26,22,-25,19,-26,18,-26,18,-25,18,-25,19,-25,20,-22,21,-21,23,-19,24,-15,24,-10,25,-7,22,-5,22,-5,21,-7,23,-7,23,-9,25,-11,24,-15,24,-17,24,-19,25,-21,24,-24,23,-25,20,-25,20,-25,19,-25,18,-25,19,-24,19,-24,21,-22,22,-21,24,-18,25,-15,26,-11,25,-8,22,-4,22,-5,22,-5,21,-7,21,-9,23,-10,24,-13,24,-16,25,-19,25,-21,25,-24,25,-22,22,-20,23,-17,25,-14,25,-9,24,-6,22,-5,21,-4,22,-7,22,-6,25,-9,25,-13,25,-14,26,-16,26,-19,26,-22,25,-24,23
10,5,10,3,9,3,10,3,9,3,9,3,8,3,9,3,9,4,9,4,9,4,9,4,10,4,10,4,10,4,9,4,10,5,10,5,9,5,8,5,9,4,9,4,9,4,9,4,8,4,9,4,8,4,9,4,9,4,9,4,9,4,9,4,8,4,9,4,9,4,10,4,10,4,9,4,10,4,9,4,9,4,9,5,9,4,9,5,10,4,10,4,10,4,9,4,9,4,9,4,9,3,9,4,9,4,9,3,9,4,9,4,9,4,9,4,9,4,10,4,10,5,10,4,10,5,9,4,10,5,10,5,9,4,9,4,10,4,10,4,9,4,9,4,9,4,9,4,9,5,9,5,10,5,10,5,10,5,10,4,10,4,10,4,9,4,10,4,10,4,10,4,11,4,11,4,10,4,10,4,10,4
14,18,15,15,14,15,14,14,14,14,15,14,16,14,16,14,14,15,14,15,13,16,13,16,12,16,12,15,12,17,12,19,11,19,11,20,12,19,11,20,12,18,12,18,13,17,13,15,13,15,13,15,14,15,16,14,16,15,16,15,15,15,15,15,13,15,14,16,13,16,12,16,12,15,11,16,12,19,11,19,10,18,11,20,11,18,12,19,13,18,14,18,14,16,14,15,13,14,14,14,15,13,16,15,16,15,16,14,16,15,15,15,14,16,14,17,13,16,12,17,12,18,11,16,11,19,10,19,10,20,11,20,10,19,12,18,13,18,13,18,13,16,13,16,13,16,13,15,14,17,13,17,12,17,12,17,12,17,11,19,11,19,12,19,11,19,13,18,13,19,13,17,15,17,15,16,15,15,15,15,15,15
13,26,15,25,17,24,21,23,22,23,24,22,26,19,26,19,23,21,22,22,21,23,19,23,16,23,13,23,10,23,3,25,1,24,3,26,3,26,5,26,7,26,10,25,12,25,15,25,17,24,20,24,23,23,26,21,27,20,26,19,26,20,25,20,22,21,22,22,20,23,16,23,13,22,10,23,2,25,1,23,1,24,3,25,4,24,6,26,9,24,12,25,14,25,17,23,20,23,22,23,24,21,26,21,27,20,26,19,26,20,25,20,24,21,23,22,20,23,18,24,14,26,11,24,4,24,1,23,2,24,4,24,3,23,6,23,8,24,11,24,13,25,15,25,18,25,20,24,22,23,20,23,16,24,13,23,11,23,2,25,1,24,3,24,2,24,6,25,9,26,11,26,14,26,16,25,18,24,22,24,24,23
-6,30,-6,28,-7,28,-6,29,-7,29,-7,28,-7,29,-7,28,-7,29,-7,30,-7,30,-7,30,-6,30,-7,30,-7,30,-7,30,-7,30,-7,30,-7,31,-8,32,-8,30,-7,30,-7,28,-7,28,-7,29,-7,29,-8,30,-7,29,-7,29,-7,28,-7,28,-7,28,-8,28,-7,29,-6,28,-6,28,-6,29,-6,30,-7,30,-7,30,-7,30,-7,31,-7,30,-7,31,-6,30,-7,28,-6,29,-6,28,-6,29,-6,29,-7,28,-7,29,-6,29,-6,28,-6,30,-6,30,-6,30,-6,29,-6,29,-6,30,-6,31,-6,30,-7,30,-7,30,-7,31,-7,31,-8,30,-7,31,-7,31,-6,30,-6,30,-7,30,-7,30,-7,30,-6,30,-6,30,-6,30,-6,30,-6,32,-7,30,-7,30,-6,30,-7,30,-6,31,-6,31,-6,30,-6,30,-5,28,-5,30,-5,29,-6,29
-7,48,-7,47,-7,47,-6,47,-7,47,-7,47,-7,48,-7,47,-7,48,-7,48,-7,48,-7,48,-7,48,-7,48,-7,48,-7,48,-7,48,-7,49,-7,49,-8,50,-8,48,-8,48,-8,48,-8,48,-8,48,-8,48,-8,49,-7,49,-7,48,-7,48,-7,49,-7,48,-8,48,-7,47,-7,47,-7,48,-7,48,-7,48,-7,48,-7,49,-7,49,-7,49,-7,48,-7,49,-7,48,-7,47,-7,48,-7,47,-7,48,-7,48,-7,47,-7,49,-7,48,-7,47,-7,49,-6,49,-6,49,-6,49,-6,49,-7,48,-7,49,-7,48,-7,49,-7,49,-7,50,-7,50,-8,49,-6,49,-7,49,-7,49,-7,49,-8,49,-8,49,-7,49,-7,49,-6,49,-7,49,-7,49,-7,50,-7,49,-7,49,-6,49,-7,49,-6,49,-6,49,-7,48,-6,49,-6,49,-6,49,-6,48,-6,49
-8,64,-8,63,-9,64,-8,64,-9,63,-9,63,-9,64,-9,63,-9,64,-9,64,-9,64,-9,64,-9,64,-9,64,-9,64,-9,64,-9,64,-9,65,-9,65,-10,65,-10,65,-10,65,-10,65,-10,64,-10,65,-10,65,-10,64,-9,65,-9,64,-9,64,-9,65,-9,64,-10,64,-9,64,-9,64,-9,65,-9,64,-9,64,-9,64,-9,64,-9,64,-9,65,-9,64,-9,66,-9,65,-9,65,-9,65,-9,65,-9,65,-9,65,-9,64,-9,65,-9,65,-9,64,-9,65,-9,64,-9,65,-9,64,-9,64,-9,65,-9,66,-9,64,-9,64,-9,65,-9,65,-9,66,-10,64,-9,65,-9,64,-9,65,-9,64,-10,65,-10,64,-10,64,-9,65,-9,65,-9,65,-9,64,-9,65,-9,64,-9,65,-8,65,-9,65,-8,65,-8,64,-9,64,-8,64,-8,65,-8,64,-8,64,-8,65
3,30,3,28,3,28,4,29,2,29,3,28,3,29,2,29,2,30,2,30,2,30,3,30,3,30,2,30,3,31,3,30,3,30,3,31,3,31,3,32,3,30,3,30,3,29,3,29,3,29,3,29,2,30,3,30,3,30,3,28,3,28,3,28,2,29,3,29,3,28,3,29,3,30,2,30,3,30,3,30,3,30,4,31,4,30,4,31,4,30,3,29,3,30,4,29,3,30,3,30,3,28,4,30,4,29,4,28,4,30,4,30,3,30,3,29,4,29,4,30,3,31,3,30,4,31,4,31,4,32,3,32,2,31,4,31,4,31,4,30,3,30,3,30,3,30,3,30,3,30,3,30,4,30,3,30,3,32,4,31,4,30,4,30,4,31,5,31,5,31,4,31,5,31,5,29,5,30,4,30,4,30
5,47,4,46,3,46,5,47,4,47,3,47,3,47,4,46,4,48,4,48,4,48,4,48,4,48,4,48,4,48,4,48,4,48,4,49,4,49,3,50,3,48,3,48,3,48,3,48,3,48,3,48,3,48,4,49,4,48,4,48,4,48,4,48,3,48,4,48,4,47,4,48,4,48,4,48,4,48,4,49,4,48,4,49,4,48,4,49,4,48,4,47,4,48,4,48,4,48,4,48,4,47,4,48,4,48,4,47,4,48,4,50,4,49,4,49,4,49,4,49,4,49,4,49,4,49,4,49,4,50,4,50,3,49,4,49,4,49,4,49,4,49,3,49,3,49,3,49,4,49,4,49,4,49,4,49,4,50,4,49,4,49,5,49,4,49,5,49,5,49,4,49,5,49,5,49,5,49,5,48,5,49
6,66,6,65,5,65,6,65,5,65,5,65,5,65,5,65,5,66,5,66,5,66,5,66,5,66,5,66,5,66,5,66,5,66,5,67,5,67,4,67,4,66,4,66,4,66,4,66,4,66,4,66,4,66,5,66,5,66,5,66,5,66,5,66,4,66,5,66,5,66,5,66,5,66,5,66,5,66,5,66,5,66,5,67,5,66,5,67,5,66,5,66,5,66,5,66,5,66,5,66,5,65,5,66,5,66,5,65,5,66,5,66,5,66,5,66,5,66,5,66,5,68,5,67,5,67,5,66,5,67,5,67,4,66,5,67,5,66,5,66,5,66,4,67,4,66,4,66,5,66,5,66,5,66,5,66,5,67,5,66,5,66,6,66,5,66,6,66,6,66,5,66,6,66,6,66,6,66,6,66,6,66
