-1,-13,0,-13,1,-13,1,-13,0,-13,0,-13,0,-13,0,-13,0,-14,0,-13,0,-13,1,-13,1,-14,0,-14,0,-13,2,-13,0,-12,0,-13,0,-13,2,-15,2,-14,1,-14,0,-13,0,-14,0,-14,0,-13,0,-13,0,-14
0,0,0,0,0,0,0,0,0,0,0,0,0,0,0,0,0,0,0,0,0,0,0,0,0,0,0,0,0,0,0,0,0,0,0,0,0,0,0,0,0,0,0,0,0,0,0,0,0,0,0,0,0,0,0,0
-6,3,-7,3,-7,3,-8,4,-7,3,-7,3,-7,3,-7,3,-8,2,-8,3,-8,3,-8,3,-7,3,-8,3,-8,3,-7,2,-6,3,-7,3,-7,3,-8,2,-6,2,-7,1,-7,3,-7,3,-7,3,-6,4,-7,4,-6,3
-12,10,-11,10,-10,13,-10,14,-13,9,-11,9,-11,12,-10,14,-18,9,-17,10,-16,10,-16,10,-13,9,-13,9,-13,12,-11,11,-10,12,-12,14,-11,10,-18,9,-11,8,-12,9,-14,10,-13,10,-12,10,-10,10,-9,13,-10,9
-17,13,-14,13,-10,13,-8,13,-19,13,-16,13,-13,13,-10,12,-27,13,-27,14,-26,13,-24,12,-18,13,-17,13,-12,12,-9,12,-13,14,-10,13,-16,14,-27,12,-16,13,-15,12,-22,13,-19,13,-17,13,-13,13,-9,14,-15,13
6,3,7,3,7,2,6,2,7,2,8,2,8,3,7,3,8,2,8,4,9,3,8,3,7,3,6,3,7,3,6,1,8,4,7,3,8,3,8,1,7,1,7,1,7,3,7,3,7,3,8,4,7,2,7,3
12,10,11,13,9,10,8,11,12,8,13,10,11,11,10,10,17,9,16,9,16,9,14,8,13,9,11,10,10,11,9,8,12,15,9,15,13,13,17,6,11,7,11,11,14,9,13,9,13,11,12,13,9,9,13,13
14,14,9,15,7,12,7,12,16,11,14,12,12,14,7,12,25,14,23,13,23,13,21,13,16,12,13,13,10,14,8,11,12,15,8,13,14,15,26,11,14,11,11,12,20,12,17,12,14,13,11,17,8,11,14,14
4,28,-6,26,-5,25,-4,24,-5,29,-6,28,-4,29,-5,28,-4,32,-4,30,-5,32,-5,29,-5,28,-7,29,-6,27,-5,23,-5,25,-5,27,-5,27,-4,29,-5,27,-6,27,-6,29,-6,29,-6,28,-6,27,-5,28,-5,25
3,45,-7,45,-6,45,-6,45,-5,45,-5,45,-5,46,-5,46,-6,47,-6,47,-6,48,-6,47,-5,45,-7,45,-6,45,-6,44,-6,45,-6,46,-5,45,-5,45,-5,44,-6,44,-6,45,-6,45,-6,45,-6,45,-5,46,-6,45
1,62,-5,62,-4,62,-4,62,-4,62,-4,62,-4,63,-4,63,-4,61,-4,61,-4,61,-4,61,-4,61,-5,61,-5,61,-4,61,-4,63,-5,63,-4,63,-4,60,-4,61,-5,61,-5,61,-4,62,-5,61,-4,62,-4,62,-5,61
-6,28,4,26,4,25,4,23,4,29,4,28,5,29,4,28,4,31,4,30,3,32,4,30,5,28,3,29,3,27,4,23,4,26,3,27,5,27,3,29,3,27,3,27,4,29,5,29,4,28,4,27,4,28,3,26
-6,46,3,45,4,45,3,45,3,45,4,45,4,46,4,46,3,47,3,47,3,48,3,46,4,45,3,45,3,45,4,43,4,45,3,46,4,45,3,45,4,44,3,43,3,45,3,45,3,45,4,44,3,46,3,45
-4,62,1,62,2,62,3,63,3,62,3,62,3,63,2,63,2,62,2,62,2,62,2,62,2,62,2,61,1,61,3,61,3,63,2,64,2,63,2,60,2,61,2,61,2,61,2,61,2,61,2,62,2,62,1,61
