3,-16,3,-15,3,-15,1,-15,3,-15,0,-16,2,-15,1,-16,1,-16,3,-15,2,-15,1,-15,1,-15,2,-15,4,-15,3,-16,1,-15,2,-15,2,-15,2,-15,1,-16,2,-14,1,-15,3,-14,1,-16,2,-15,2,-16,1,-16,0,-15,1,-15,3,-16,-1,-16,3,-16,1,-16,1,-16,2,-16,3,-16,5,-15,0,-16,1,-16,0,-16,0,-16,3,-16,1,-17,3,-16,1,-16,1,-16,1,-15,2,-15,3,-15,3,-16,2,-16,3,-15,2,-16,1,-15,0,-15,2,-14,2,-14,2,-15,2,-16,2,-15,2,-16,2,-16,3,-15,3,-16,1,-15,3,-14,3,-15,2,-14,3,-15,1,-15,1,-15,1,-15,1,-15,1,-16,1,-15,1,-15
0,0,0,0,0,0,0,0,0,0,0,0,0,0,0,0,0,0,0,0,0,0,0,0,0,0,0,0,0,0,0,0,0,0,0,0,0,0,0,0,0,0,0,0,0,0,0,0,0,0,0,0,0,0,0,0,0,0,0,0,0,0,0,0,0,0,0,0,0,0,0,0,0,0,0,0,0,0,0,0,0,0,0,0,0,0,0,0,0,0,0,0,0,0,0,0,0,0,0,0,0,0,0,0,0,0,0,0,0,0,0,0,0,0,0,0,0,0,0,0,0,0,0,0,0,0,0,0,0,0,0,0,0,0,0,0,0,0,0,0,0,0,0,0,0,0,0,0,0,0,0,0,0,0
-7,0,-7,1,-7,1,-7,0,-7,2,-8,1,-7,1,-8,1,-8,1,-8,3,-8,1,-8,2,-8,1,-7,0,-7,1,-7,0,-8,0,-8,1,-8,1,-8,0,-7,0,-8,1,-8,0,-7,2,-7,1,-8,2,-8,1,-8,-1,-8,0,-9,0,-7,0,-8,0,-7,2,-8,1,-8,-1,-8,0,-8,0,-8,1,-7,0,-7,0,-6,0,-7,0,-7,1,-7,0,-8,1,-7,-1,-8,0,-7,2,-8,2,-7,1,-7,0,-7,1,-7,1,-7,0,-6,0,-6,0,-7,1,-7,1,-7,0,-7,1,-8,2,-8,1,-8,0,-8,1,-8,1,-7,0,-7,1,-7,1,-6,1,-7,1,-8,2,-8,2,-9,2,-9,2,-9,1,-8,3,-8,3
-13,12,-13,13,-13,12,-14,12,-13,12,-13,11,-9,13,-9,11,-8,11,-8,13,-11,12,-13,13,-14,11,-12,6,-15,11,-16,11,-17,11,-16,12,-14,12,-11,12,-11,11,-12,12,-13,11,-16,9,-10,12,-11,13,-12,13,-13,12,-14,14,-14,13,-11,6,-12,6,-11,12,-11,13,-10,10,-10,12,-11,13,-12,12,-15,9,-11,3,-12,3,-15,5,-19,9,-18,9,-17,10,-15,11,-13,11,-11,11,-11,10,-12,11,-13,10,-14,11,-14,11,-14,10,-12,7,-11,10,-13,10,-12,11,-10,10,-10,10,-12,12,-14,12,-15,11,-16,11,-16,10,-14,7,-12,9,-11,8,-16,7,-17,9,-19,11,-19,12,-17,13,-15,13,-12,12,-11,14,-11,13
-24,14,-23,13,-17,12,-15,11,-11,8,-12,8,-8,6,-4,18,1,6,0,6,-6,6,-8,5,-12,7,-14,9,-18,10,-24,9,-27,9,-25,9,-24,12,-23,12,-20,12,-22,12,-22,11,-22,7,-20,13,-20,14,-22,14,-22,13,-23,12,-17,13,-12,8,-12,7,-9,7,-7,8,-8,8,0,9,-8,7,-3,3,-12,4,-15,6,-17,6,-18,7,-25,8,-25,8,-26,7,-25,8,-23,10,-22,11,-22,11,-22,10,-21,9,-18,10,-16,10,-17,8,-11,6,-8,4,-22,8,-21,10,-20,11,-20,12,-23,12,-26,10,-25,8,-25,7,-19,8,-13,7,-10,6,-6,1,-13,6,-21,6,-27,6,-29,7,-28,9,-27,11,-24,12,-22,14,-22,15
8,0,7,1,7,1,6,1,7,1,7,0,8,1,8,0,8,0,8,1,8,0,8,1,8,1,7,1,7,0,8,0,8,1,8,1,8,1,8,1,7,0,7,1,8,0,7,0,9,1,9,1,9,0,8,-1,8,0,8,0,7,-1,7,-2,8,-1,8,0,8,-1,8,0,8,-1,9,-1,9,0,7,-1,6,0,7,0,7,0,7,0,9,0,8,0,7,1,7,1,7,1,8,0,7,-2,8,0,8,1,9,0,7,0,7,0,7,0,7,1,8,1,7,0,7,0,8,1,8,-1,8,0,8,-1,7,0,7,0,7,-2,6,1,8,1,8,2,8,2,8,2,9,3,8,2,8,3,8,3
16,11,17,11,18,12,16,11,17,9,14,11,14,12,11,11,10,9,11,13,11,12,13,14,15,13,13,7,14,7,18,12,16,12,15,12,13,13,12,11,12,10,13,11,14,11,13,5,13,12,13,13,14,13,14,12,15,13,16,13,14,4,13,11,13,11,11,12,10,9,10,10,13,11,16,11,16,11,12,3,12,3,14,5,17,8,17,9,18,10,15,11,13,12,13,12,13,12,14,11,15,10,16,11,16,12,15,11,15,10,11,9,13,9,13,10,13,11,13,10,13,10,15,9,17,8,19,9,20,8,16,8,16,8,14,7,11,4,18,10,18,12,18,13,16,13,14,13,13,12,12,14,12,14
29,10,26,10,26,7,21,7,17,7,10,6,8,4,9,7,7,9,9,7,7,7,10,8,12,11,15,10,18,12,21,12,27,12,27,12,24,14,21,13,22,12,22,13,23,11,19,9,20,14,21,14,23,14,22,13,23,13,23,11,15,8,11,7,11,8,9,8,-2,8,2,9,11,7,13,6,13,7,15,6,15,6,20,9,24,9,22,9,29,8,25,10,22,11,23,10,22,11,24,10,24,9,24,10,23,9,19,7,12,6,7,7,22,10,22,11,22,11,22,10,23,10,25,9,25,6,29,5,26,5,13,5,13,6,10,3,14,7,22,8,25,9,27,10,27,11,25,13,21,13,22,14,22,14
-4,26,-4,27,-4,27,-5,27,-4,27,-6,25,-4,28,-5,27,-5,27,-5,28,-5,27,-5,28,-5,28,-5,28,-4,27,-4,27,-5,27,-5,27,-5,27,-5,26,-5,23,-5,25,-5,24,-4,25,-4,26,-4,26,-4,26,-5,26,-5,26,-5,26,-4,26,-6,25,-4,29,-5,29,-5,27,-5,28,-4,29,-3,28,-5,27,-5,27,-6,28,-6,28,-5,28,-6,27,-5,27,-5,26,-5,27,-5,27,-5,27,-4,27,-4,25,-4,25,-4,25,-4,25,-4,25,-4,24,-4,23,-4,25,-4,24,-4,26,-4,26,-4,27,-4,25,-4,27,-4,26,-5,26,-4,26,-4,24,-4,24,-4,26,-5,28,-6,30,-6,30,-6,30,-6,29,-6,30,-6,30
-4,46,-4,47,-4,47,-5,47,-4,46,-6,45,-4,47,-5,46,-5,47,-4,48,-5,47,-5,48,-5,47,-5,47,-4,47,-4,45,-5,46,-5,46,-5,46,-5,45,-5,42,-5,43,-5,41,-4,44,-4,46,-4,46,-4,46,-5,46,-5,47,-5,47,-4,47,-6,47,-4,50,-5,50,-5,48,-5,49,-4,49,-3,49,-5,48,-5,49,-6,49,-6,49,-5,49,-6,48,-5,47,-6,47,-6,47,-6,47,-6,46,-5,45,-4,45,-4,45,-4,44,-4,43,-4,43,-4,43,-4,40,-4,43,-4,43,-4,44,-4,45,-4,44,-4,44,-3,45,-4,45,-5,45,-4,44,-4,42,-4,41,-4,44,-5,47,-5,49,-5,49,-5,49,-5,48,-5,49,-5,49
-4,67,-4,68,-4,67,-5,67,-4,67,-6,66,-4,68,-5,67,-5,68,-4,69,-5,68,-5,69,-5,68,-5,68,-4,68,-4,66,-5,67,-5,67,-5,67,-5,65,-5,62,-5,62,-5,62,-4,63,-4,66,-4,66,-4,66,-4,67,-5,69,-4,69,-4,68,-6,69,-4,71,-5,71,-5,70,-5,71,-4,71,-3,72,-4,71,-4,71,-5,71,-5,70,-4,69,-5,69,-4,68,-5,68,-5,68,-5,67,-5,67,-4,65,-4,65,-4,64,-4,64,-4,64,-4,64,-4,63,-4,60,-3,63,-4,63,-4,65,-4,65,-4,65,-4,64,-3,65,-3,65,-5,65,-3,65,-4,62,-4,60,-4,63,-5,68,-5,71,-5,71,-5,71,-5,70,-5,70,-5,72
5,26,5,27,6,28,4,28,5,27,3,26,5,28,4,27,4,27,5,29,5,28,4,28,4,28,5,28,6,27,5,27,4,27,4,28,4,27,4,26,4,23,4,25,4,24,6,25,6,28,6,26,6,27,5,27,5,26,5,26,6,27,4,26,6,29,5,30,5,28,6,29,6,29,8,29,5,29,6,28,5,29,5,29,6,29,5,28,6,27,5,27,5,28,5,28,5,28,6,27,6,26,5,25,6,26,5,26,5,26,5,26,5,23,5,25,5,25,5,26,5,27,5,28,5,25,6,28,6,26,5,26,6,26,5,24,5,24,5,26,4,28,4,30,4,30,4,30,4,29,4,30,4,30
4,46,4,47,4,47,3,47,5,46,2,45,4,48,4,47,4,47,4,48,3,47,3,48,4,48,3,48,4,48,4,46,3,46,4,47,3,46,3,45,3,42,3,43,3,42,4,44,4,46,4,46,4,47,3,47,4,48,4,48,5,47,3,48,5,50,4,51,4,49,4,50,5,50,6,50,4,49,4,49,3,49,3,49,4,49,3,48,4,48,3,48,3,48,3,48,3,47,4,46,4,45,4,46,4,45,4,44,4,44,3,44,3,41,4,44,4,43,4,44,4,45,3,45,4,44,4,46,5,46,3,45,4,45,4,42,4,42,4,44,4,48,3,49,4,49,3,49,4,48,4,49,4,50
3,66,3,67,3,68,2,67,3,66,1,66,3,68,2,68,2,67,3,68,2,67,2,68,2,68,2,68,3,69,3,66,2,66,2,66,2,66,2,65,1,61,2,61,2,61,3,63,3,66,3,66,3,66,2,67,2,68,2,69,4,68,2,70,4,72,3,71,3,70,3,72,4,70,5,71,3,71,3,71,2,71,2,71,3,71,2,70,3,68,2,69,2,68,2,68,2,68,3,66,3,64,3,65,3,64,3,64,3,63,3,62,3,59,3,62,3,64,3,64,3,66,3,65,3,64,4,65,3,65,3,65,3,65,3,62,3,59,3,63,2,68,2,71,2,70,2,70,2,69,2,70,2,71
