2,-13,1,-14,0,-14,0,-13,4,-12,2,-15,1,-13,1,-14,0,-13,1,-14,1,-13,2,-15,0,-12,0,-13,0,-13,2,-13,1,-14,1,-14,1,-13,0,-14,0,-14,5,-21,3,-12,4,-12
0,0,0,0,0,0,0,0,0,0,0,0,0,0,0,0,0,0,0,0,0,0,0,0,0,0,0,0,0,0,0,0,0,0,0,0,0,0,0,0,0,0,0,0,0,0,0,0
-7,0,-8,2,-8,1,-8,1,8,1,-7,0,-8,1,-8,1,-7,2,-7,1,-8,1,-8,-2,7,4,-7,0,-6,1,8,1,-8,2,-8,2,-7,0,-7,-1,-8,0,-2,0,6,1,7,0
-12,12,-12,12,-11,12,-12,12,16,13,-10,12,-10,13,-10,11,-10,13,-11,12,-10,12,-12,7,15,15,-10,11,-10,12,16,14,-12,11,-12,11,-11,11,-12,10,-12,11,-12,3,14,14,17,14
-18,14,-17,13,-2,13,-13,25,13,12,-12,24,-13,26,-12,23,-12,25,-13,24,-12,24,-11,19,12,11,-11,21,-10,20,16,13,-19,8,-19,9,1,11,-10,20,-1,13,-4,-7,11,12,15,13
8,1,8,1,6,0,8,0,-6,3,8,0,7,1,8,0,8,1,8,1,7,0,7,-2,-8,3,7,1,6,1,-8,3,8,1,8,1,8,0,7,0,8,1,0,0,-8,1,-8,1
13,13,12,14,7,14,12,14,-11,11,14,11,10,13,10,12,10,14,10,13,11,14,13,9,-15,14,9,13,10,14,-15,12,13,12,13,12,10,13,9,13,9,14,15,6,-16,12,-14,9
19,14,16,13,-3,11,3,8,-4,15,19,8,0,10,0,9,-2,11,-1,10,-1,11,6,-1,-7,15,-2,11,-1,13,-11,9,22,12,21,12,-2,10,-2,12,-2,11,6,-10,-7,5,-8,7
-6,27,3,28,-7,24,-6,26,5,28,-6,24,-7,25,-6,24,-6,26,-6,25,-5,24,-6,19,3,28,-5,24,-5,23,4,28,-5,26,-5,26,-6,23,-7,23,-7,23,5,19,4,27,4,26
-6,45,0,44,-7,43,-5,45,2,43,-4,42,-5,44,-5,41,-5,44,-5,43,-4,44,-4,38,1,44,-5,41,-3,41,2,45,-5,44,-4,44,-5,42,-5,42,-6,42,2,33,1,41,2,42
-6,62,-1,60,-7,60,-6,62,3,59,-5,60,-6,61,-5,60,-5,62,-5,61,-4,61,-4,56,1,62,-5,60,-3,59,2,60,-5,61,-4,60,-5,60,-6,60,-6,60,3,51,1,59,1,59
3,27,-5,27,2,24,3,26,-4,26,3,25,3,25,3,25,3,27,3,25,5,24,4,19,-7,27,4,24,4,23,-6,27,4,26,5,26,4,24,3,23,3,24,6,17,-6,26,-5,26
0,45,-6,44,0,44,0,44,-3,43,2,42,1,44,1,42,2,44,1,43,2,43,2,38,-6,45,1,41,0,40,-5,45,1,44,1,44,1,43,1,42,0,42,-3,34,-6,41,-4,42
0,61,-6,61,-1,59,0,59,-3,61,1,59,0,61,0,61,1,61,0,60,1,60,1,56,-5,63,1,57,-2,59,-5,61,0,60,-1,59,1,61,-1,61,-1,61,-4,53,-5,60,-4,59
