-4,-16,-5,-16,-5,-17,-5,-16,-4,-17,-5,-16,-5,-16,-5,-17,-6,-16,-5,-16,-6,-16,-5,-16,-5,-16,-6,-16,-6,-16,-6,-16,-6,-16,-5,-16,-5,-16,-6,-15,-6,-16,-5,-17,-6,-16,-5,-17,-5,-16,-5,-17,-5,-16,5,-15,4,-15,3,-16,4,-16,3,-16,4,-16,3,-15,4,-16,5,-15,6,-17,6,-16,4,-16,5,-16,5,-16,3,-17,1,-16,3,-16,3,-16,5,-16,5,-17,4,-16,4,-16,4,-16,3,-16,-7,-16,-6,-16,-5,-16,-6,-16,-5,-16,-6,-16,-6,-15,-5,-15,-5,-15,-7,-16,-6,-15,-5,-17,-6,-16,-5,-16,-6,-16,-5,-17,-6,-16,-6,-17,-6,-16,-6,-17,-5,-16,-6,-16,-6,-15,-5,-16,-5,-17,4,-16,4,-16,3,-16,4,-16,3,-16,4,-16,5,-15,3,-16,6,-16,5,-16,4,-16,4,-16,4,-17,5,-16,2,-17,4,-17,2,-16,3,-16,5,-16,4,-17,4,-17,4,-16,3,-16,3,-17,2,-16
0,0,0,0,0,0,0,0,0,0,0,0,0,0,0,0,0,0,0,0,0,0,0,0,0,0,0,0,0,0,0,0,0,0,0,0,0,0,0,0,0,0,0,0,0,0,0,0,0,0,0,0,0,0,0,0,0,0,0,0,0,0,0,0,0,0,0,0,0,0,0,0,0,0,0,0,0,0,0,0,0,0,0,0,0,0,0,0,0,0,0,0,0,0,0,0,0,0,0,0,0,0,0,0,0,0,0,0,0,0,0,0,0,0,0,0,0,0,0,0,0,0,0,0,0,0,0,0,0,0,0,0,0,0,0,0,0,0,0,0,0,0,0,0,0,0,0,0,0,0,0,0,0,0,0,0,0,0,0,0,0,0,0,0,0,0,0,0,0,0,0,0,0,0,0,0,0,0,0,0,0,0,0,0,0,0,0,0,0,0,0,0,0,0,0,0,0,0,0,0,0,0
0,6,-1,5,0,4,1,5,2,5,0,5,-2,6,1,5,-2,5,-1,6,-1,6,-1,7,-2,6,0,5,0,6,4,5,5,5,0,4,-1,6,-2,6,-3,6,-2,6,-3,6,-1,5,-3,5,-4,5,7,5,-5,5,-1,5,1,3,2,4,0,5,2,5,2,5,2,3,2,3,-3,4,3,2,2,2,1,4,1,3,2,2,1,5,0,5,1,5,1,4,3,5,3,6,3,6,2,5,3,6,0,4,0,4,1,4,3,4,0,4,-2,6,-1,5,0,6,0,6,-1,5,-2,5,-3,6,-1,6,-1,6,1,6,5,5,0,5,-3,6,-2,7,-2,6,-2,7,-4,6,7,6,7,5,8,5,-2,5,2,4,1,5,1,5,1,5,2,5,-2,6,2,4,1,3,-4,5,2,3,-3,4,-2,4,2,3,2,5,3,5,2,5,1,6,0,4,3,8,2,7,3,8,3,8,3,6,3,7
1,20,2,18,2,18,2,18,3,20,2,18,-1,20,2,18,0,17,2,19,2,18,2,18,3,17,3,17,3,18,5,17,12,18,3,18,0,19,0,20,0,20,0,20,-2,19,-1,18,-1,18,-1,18,17,17,-7,19,-6,20,-2,16,3,17,-1,19,1,17,1,16,2,18,-14,18,-13,16,3,13,1,14,1,17,-11,19,0,18,0,19,-5,20,-4,19,-4,21,1,22,-3,22,-14,16,-4,19,0,21,1,18,2,17,3,17,6,19,2,17,1,20,1,19,0,19,1,20,1,16,1,17,1,15,2,16,3,17,4,19,8,18,0,18,-1,19,0,19,0,19,0,19,-1,18,13,18,12,18,16,17,-7,20,-4,18,2,20,-3,20,-2,18,1,21,-7,19,7,18,-4,16,-15,18,-1,17,-14,18,-12,18,5,17,4,19,4,20,0,19,-3,23,0,18,0,22,-1,22,0,21,3,22,1,22,-1,22
-4,27,-4,24,-5,23,-4,23,-4,24,-4,24,-4,26,-2,25,-2,27,-2,26,-5,24,-5,22,-5,22,-4,21,-5,22,-4,23,-3,23,-2,24,-2,30,-3,30,-7,28,-8,26,-9,24,-8,23,-9,22,-8,22,15,30,3,21,4,21,4,21,5,22,3,23,4,26,4,25,5,23,-7,30,-6,30,7,18,5,19,4,18,5,19,5,20,2,31,3,31,4,28,3,25,9,23,9,23,10,22,8,21,9,23,-5,22,-4,21,-5,21,-3,21,-4,21,-5,23,-5,25,-3,26,-4,25,-3,23,-5,22,-3,21,-4,20,-4,20,-4,21,5,28,-3,27,-5,27,-5,26,-7,24,-8,24,-8,22,9,28,-3,20,9,28,5,21,5,21,6,22,5,22,5,24,4,29,5,22,4,22,7,19,-9,32,7,19,-8,31,-6,32,6,20,6,23,4,32,5,31,6,30,6,27,8,26,8,24,9,24,10,24,10,23,8,24
4,8,5,7,4,6,3,6,3,6,4,6,6,6,5,6,4,4,6,6,5,5,6,5,7,5,6,5,4,7,0,6,0,7,3,6,6,6,5,6,6,5,6,6,6,6,5,6,7,5,7,5,-3,5,1,4,-3,5,-4,4,-4,5,-4,6,-4,5,-5,5,-5,5,-4,5,0,4,-6,6,-5,6,-3,4,-2,5,-4,5,-2,5,-2,5,-3,5,-3,6,-5,6,-4,5,-5,5,-3,5,-3,5,3,6,5,4,2,6,3,5,4,5,5,5,3,7,6,6,5,7,5,5,5,5,7,5,5,6,5,5,4,6,-1,7,3,5,5,6,5,7,5,6,6,5,6,6,-4,6,-3,5,-5,5,-3,5,-3,4,-4,6,-3,5,-3,4,-5,6,-3,6,-6,6,-4,5,-3,6,-4,4,0,4,-2,4,-5,6,-5,5,-4,5,-1,5,-3,6,-4,5,-5,5,-5,5,-5,6,-6,6,-5,6,-6,5
6,28,7,26,6,26,6,23,6,24,6,22,6,23,6,21,6,20,7,22,12,18,14,17,15,17,15,17,11,19,1,20,0,22,5,20,8,23,5,23,8,21,6,23,7,23,0,20,16,17,16,16,-1,19,-2,17,-5,17,-7,16,-5,18,-5,19,-6,18,-8,18,-12,19,-13,19,-1,14,-13,18,-14,19,-13,18,-7,17,-10,20,-6,19,-4,20,-8,19,-6,20,-12,16,-11,17,-14,16,-11,16,-6,19,5,25,10,18,6,21,9,20,7,21,6,23,8,29,11,22,6,24,12,17,14,17,16,16,13,17,14,16,12,18,-4,21,3,20,7,23,2,23,4,23,15,18,-1,21,-3,20,-2,20,-4,20,-6,18,-5,17,-6,19,-4,18,-5,18,-10,21,-4,17,-14,19,-14,18,-2,16,-8,17,-4,15,-4,16,-12,18,-10,20,-6,19,-4,20,-6,20,-10,17,-12,17,-12,16,-13,17,-13,17,-10,18,-13,17
-2,30,-4,26,-5,25,-4,25,-4,25,-2,26,-2,28,-1,27,0,28,-1,28,0,25,3,23,3,23,8,25,-3,23,-4,24,-3,24,-2,26,-1,31,-2,32,-6,29,-3,26,-2,27,-8,24,14,30,15,30,-8,22,5,20,3,21,1,20,3,21,0,22,-1,27,-2,26,-6,28,5,19,7,17,6,18,-8,30,4,18,6,19,3,20,-1,30,3,29,1,27,6,25,7,23,3,22,8,22,8,20,6,22,3,39,-3,22,-4,22,-2,21,-2,22,-4,23,-3,27,1,28,-4,27,0,24,4,23,7,23,0,20,2,25,-2,21,-2,30,-3,29,-3,30,-6,29,-1,25,-4,23,-9,23,-9,22,-9,21,-8,21,4,20,4,20,2,21,3,22,2,24,-6,34,6,22,4,20,-7,29,7,19,7,19,6,19,6,18,-6,28,-3,26,-1,31,3,31,3,28,3,27,-2,25,6,23,8,23,-2,22,3,22,2,22
2,33,2,33,2,32,3,33,9,33,2,34,1,34,3,32,6,29,6,30,7,31,6,32,9,36,10,36,10,38,10,34,9,34,10,32,5,33,7,31,3,32,5,32,3,32,4,33,2,35,2,35,7,34,-8,32,-7,33,-3,33,-7,34,-7,35,-6,35,-5,32,-5,31,-4,34,-5,32,-1,35,-3,34,-2,34,-2,31,-4,33,-4,32,-5,32,-5,31,-5,34,-5,35,-4,35,-4,35,-3,34,-4,35,2,33,2,34,1,35,11,36,2,34,1,34,1,33,4,32,6,33,6,32,7,33,9,34,7,34,8,34,9,36,10,32,1,33,0,34,4,32,4,33,3,32,3,33,5,33,4,35,5,35,-8,34,-6,33,-7,35,-8,33,-7,33,-6,32,-4,33,-5,33,-3,33,-4,34,-4,34,-2,36,-2,32,-1,30,-2,33,-3,33,-4,33,-5,34,-4,31,-4,35,-3,36,-3,35,-2,36,-2,35,-2,34
-4,52,-4,52,-3,52,-1,53,15,55,-1,55,-1,54,-1,53,1,51,3,53,3,53,9,54,14,54,16,54,16,54,14,54,13,54,11,55,-1,53,6,55,3,54,3,53,0,53,0,54,0,54,0,54,1,55,-15,52,-13,52,1,53,-10,55,-7,55,-5,55,0,52,1,54,5,55,5,53,4,55,1,55,1,55,3,55,3,54,3,55,1,55,-2,55,-5,56,-7,54,-9,54,-11,56,-9,56,-9,57,-5,52,-3,53,-2,54,17,55,-1,54,-3,52,-4,53,1,52,5,54,5,53,10,53,14,53,16,54,15,54,13,55,11,54,10,54,-5,54,4,54,3,53,2,53,1,54,-1,54,1,55,1,55,-15,53,-14,53,-13,55,-11,56,-7,55,-3,54,2,53,0,54,5,55,4,55,2,55,1,55,3,55,4,54,5,53,5,54,2,56,0,55,-3,57,-5,54,-9,55,-9,57,-10,58,-7,57,-6,57
9,67,4,68,0,70,-2,73,27,71,-1,71,0,72,3,69,6,68,11,68,15,68,20,70,23,70,27,71,29,73,29,68,32,66,31,62,30,60,28,61,23,61,18,65,14,70,9,73,3,72,-1,73,-2,73,-24,67,-27,67,5,72,-27,63,-26,61,-24,59,-6,69,-10,70,-9,74,-3,75,2,75,4,75,5,76,4,74,1,73,-3,73,-7,73,-11,74,-15,74,-18,73,-21,74,-25,73,-28,72,-27,68,6,68,3,70,-2,71,-4,74,-3,71,-2,70,1,69,7,69,12,72,16,70,20,71,24,72,27,74,29,72,30,71,30,64,-2,73,1,72,25,62,21,64,17,68,12,72,6,72,3,72,0,73,-23,67,-27,66,-28,64,-28,62,-28,60,-24,59,-5,69,-15,64,-7,75,-1,75,2,75,5,76,6,74,4,74,1,72,-2,72,-7,73,-11,71,-14,73,-18,75,-21,75,-24,76,-28,76,-26,71,-28,69
10,33,10,33,9,32,10,32,4,33,8,33,9,33,9,31,8,29,9,31,8,32,6,33,6,36,5,37,4,38,3,35,3,35,3,34,7,34,6,32,7,32,6,32,6,33,6,33,5,35,2,35,2,34,-1,33,-3,33,-9,32,-2,34,-1,35,-1,34,-8,32,-8,31,-7,33,-6,31,-7,34,-8,33,-8,33,-6,31,-7,33,-8,32,-7,31,-8,31,-2,34,-2,35,-2,35,-4,35,-2,34,-4,35,6,33,8,33,8,34,3,37,8,33,8,34,8,33,8,33,7,33,6,33,5,34,5,35,4,35,5,34,3,37,2,33,4,32,5,34,4,32,3,34,5,32,4,33,3,34,3,35,1,35,-1,34,-2,33,-2,35,-1,33,-1,33,-3,32,-5,33,-8,32,-7,32,-7,33,-7,33,-6,34,-5,31,-7,30,-7,33,-7,33,-6,33,-6,33,-2,32,-1,35,-2,36,0,35,-5,35,-4,34,-6,33
11,56,14,54,15,53,16,54,0,53,13,56,11,57,8,55,-1,51,2,54,0,54,-1,54,-1,55,0,56,0,57,1,57,0,58,-1,56,-1,54,-1,56,0,55,2,53,2,53,9,54,12,55,12,55,12,57,2,52,0,52,-13,53,3,53,3,52,3,52,0,51,-1,52,-9,53,-13,53,-14,53,-15,54,-13,54,-10,54,-10,55,-7,55,-2,55,-3,54,1,55,1,54,0,54,-1,54,0,53,0,55,13,54,17,54,17,54,-1,55,15,55,12,56,10,57,3,53,3,56,2,55,1,56,2,56,2,56,2,56,0,57,-1,55,-3,54,7,55,-2,56,0,56,3,54,4,54,9,54,13,56,12,56,2,52,2,52,2,53,2,52,5,52,4,51,1,51,-1,52,-10,53,-13,55,-14,55,-13,54,-10,53,-9,54,-7,54,-3,54,0,54,0,54,3,55,3,56,2,55,2,56,1,56,2,54,2,54
18,71,21,72,23,71,27,74,-3,72,29,69,28,68,26,65,23,65,11,69,16,69,11,72,6,73,3,75,-2,76,-3,75,-4,76,-2,75,2,74,5,74,9,73,14,72,18,74,21,74,23,73,26,74,29,74,0,71,3,71,-28,64,6,73,2,70,-1,69,-20,60,-15,61,-18,71,-20,70,-23,70,-28,70,-28,66,-26,62,-27,61,-26,62,-23,64,-18,65,-13,70,-7,72,-3,73,0,73,4,72,4,72,23,72,27,72,28,71,-4,74,30,65,29,63,28,64,27,65,12,73,17,71,12,74,8,74,3,75,0,76,-2,76,-3,74,-2,74,27,60,7,73,10,73,15,72,17,74,21,74,25,74,27,75,2,70,5,71,5,71,4,72,1,70,-2,69,-18,60,-14,64,-18,72,-21,72,-25,72,-27,69,-27,64,-27,62,-26,60,-24,60,-20,63,-14,66,-10,70,-5,73,-2,73,2,75,4,75,5,74,4,74
