-1,-15,-1,-13,-1,-15,0,-13,-2,-15,1,-14,0,-15,-1,-14
0,0,0,0,0,0,0,0,0,0,0,0,0,0,0,0
0,2,2,3,1,2,3,3,4,2,1,5,1,2,2,3
-3,9,6,9,3,11,6,13,7,8,3,14,2,11,5,13
-4,14,2,9,0,18,-1,-3,3,10,2,13,-1,-4,4,23
0,3,-3,4,0,2,-1,2,-3,3,-3,3,0,2,-1,3
1,8,-7,13,1,11,-5,12,-6,12,-8,10,-2,9,-4,12
-4,11,-6,12,-2,15,-2,15,-5,13,-2,11,0,-2,0,-2
-1,24,3,26,4,24,1,19,2,23,-3,28,6,21,5,26
-5,39,5,43,7,39,7,40,-3,37,-7,44,8,41,8,41
-2,55,13,57,14,54,16,55,3,52,-14,56,14,55,15,55
3,24,-3,26,-1,26,-2,19,3,23,-4,27,2,21,0,27
5,42,-5,43,-3,42,-3,43,5,39,3,40,-3,41,-3,43
12,57,-7,57,-2,58,-7,59,13,56,0,56,3,56,-3,59
