-3,-16,-1,-16,0,-15,0,-16,-1,-16,0,-17,-1,-16,-1,-15,-2,-15,-4,-15,-2,-16,-2,-15,-2,-16,-1,-15,-1,-15,-2,-15,-2,-14,-2,-14,-3,-15,-2,-15,-2,-15,-2,-15,-2,-15,-2,-15,-2,-16,-1,-15,-3,-14,-3,-15,-3,-14,-1,-15,0,-15,1,-16,0,-15,1,-15,1,-16,2,-15,-1,-16,0,-16,-1,-15,1,-15,1,-15,2,1,6,-14,7,-10,-1,-15,0,-15,0,-16,-1,-15,0,-15,0,-15,0,-15,1,-15,0,-15,0,-16,-2,-16,-3,-15,-2,-15,-1,-15,-1,-15,-1,-16,0,-15,0,-15,-1,-15,-2,-15,-1,-16,0,-14,-1,-15,-3,-14,-2,-14,-2,-15,-3,-16,-3,-15,-4,-15,-3,-14,-3,-15,-3,-15,-2,-15,-2,-16,-1,-15,-1,-16,-1,-15,0,-16,0,-15,0,-16,-1,-15,-1,-15,0,-15,1,-13,4,-19,4,-16,0,-15,-1,-15,-2,-15,0,-16,-1,-15,-1,-16,0,-15,0,-15,0,-15,1,-15
0,0,0,0,0,0,0,0,0,0,0,0,0,0,0,0,0,0,0,0,0,0,0,0,0,0,0,0,0,0,0,0,0,0,0,0,0,0,0,0,0,0,0,0,0,0,0,0,0,0,0,0,0,0,0,0,0,0,0,0,0,0,0,0,0,0,0,0,0,0,0,0,0,0,0,0,0,0,0,0,0,0,0,0,0,0,0,0,0,0,0,0,0,0,0,0,0,0,0,0,0,0,0,0,0,0,0,0,0,0,0,0,0,0,0,0,0,0,0,0,0,0,0,0,0,0,0,0,0,0,0,0,0,0,0,0,0,0,0,0,0,0,0,0,0,0,0,0,0,0,0,0,0,0,0,0,0,0,0,0,0,0,0,0,0,0,0,0,0,0,0,0,0,0,0,0,0,0,0,0,0,0,0,0,0,0,0,0,0,0,0,0,0,0,0,0,0,0,0,0
-4,0,-2,3,-3,2,-4,2,-6,1,-5,1,5,3,-3,4,4,2,5,3,4,2,1,3,5,0,5,1,6,0,5,0,5,3,3,3,3,1,1,2,1,2,-1,0,-1,1,4,1,-3,0,-1,2,5,2,5,1,2,2,5,3,5,0,-2,3,-4,4,-4,4,-4,3,-5,5,-6,2,-5,3,5,1,-5,4,3,2,-4,15,0,0,5,-8,3,3,2,4,6,3,-4,3,-1,4,-2,4,-3,4,-5,4,-4,5,-7,4,-4,0,2,1,4,1,5,1,4,1,2,1,5,1,5,0,4,2,4,1,-1,2,-2,2,-3,1,1,2,3,3,1,2,4,1,5,2,5,1,5,1,2,1,5,1,-1,5,1,3,-1,4,0,3,-1,4,-3,4,-3,4,-4,3,-4,3,6,1,-2,5,-5,-1,-1,1,-1,1,4,4,6,2,4,2,2,3,-3,3,-2,6,-1,5,-2,5,3,2,0,4
-1,11,1,13,-1,13,-1,12,-3,11,-4,12,7,17,-7,13,0,12,4,13,3,12,-1,13,9,10,8,10,8,11,7,11,6,13,3,13,4,15,0,14,1,13,-3,12,-1,12,-4,13,-3,11,-1,12,4,12,6,10,-7,15,-5,16,7,10,-5,17,-7,18,-8,17,-9,16,-8,16,-10,15,-9,16,-9,16,-8,17,-3,18,-4,18,3,4,2,5,-4,16,-2,17,7,14,-5,18,-4,19,-5,20,-6,18,-7,19,-7,18,-8,18,-2,10,0,11,6,16,9,10,9,10,9,9,10,10,9,10,8,11,7,11,1,14,-2,13,-3,12,5,15,6,17,1,14,7,14,7,14,8,12,9,12,9,11,10,11,0,18,-2,18,-4,20,-7,19,-7,19,-7,19,-8,19,-8,17,-8,18,10,12,-3,20,-4,10,2,4,9,2,7,17,10,15,9,16,0,18,-2,20,-3,20,-6,21,-6,19,-7,20,-5,19
-9,10,-5,14,-4,16,-5,15,-7,14,-4,16,-4,18,-9,14,-8,15,-8,14,-9,14,-9,13,1,11,2,12,2,17,3,14,1,17,0,21,-5,16,-6,31,-5,17,-6,16,-7,14,-6,15,-7,15,-7,16,-9,19,-3,15,3,18,6,19,5,21,6,21,6,20,5,20,3,19,2,19,2,18,3,18,4,18,5,19,7,19,7,16,11,0,12,3,6,17,6,19,5,21,7,21,7,21,7,20,6,20,5,19,5,19,4,19,-8,14,-7,15,-5,19,3,15,2,15,-7,13,3,13,3,14,2,14,1,16,-7,18,-7,19,-7,16,-6,17,-5,18,-5,17,1,17,1,18,2,18,4,20,-7,16,4,16,11,27,7,21,8,20,6,18,6,19,6,20,5,20,4,19,5,21,7,21,8,20,8,9,11,0,11,-2,7,17,5,20,6,20,8,21,9,22,8,21,7,21,6,22,6,23,7,24
4,3,5,4,4,4,5,3,5,3,6,3,-5,1,4,6,-3,2,-4,1,-1,4,1,4,-4,2,-6,2,-7,3,-6,3,-6,3,-4,4,0,3,2,5,2,3,2,2,3,3,5,2,5,3,2,6,-5,3,-2,2,-1,1,-4,3,-5,2,2,1,5,0,3,2,4,1,6,3,5,2,5,2,-5,1,5,2,-3,3,-4,13,-2,-2,-2,-1,-4,3,-2,5,-5,3,5,4,-4,15,1,2,2,2,4,1,4,2,6,2,4,3,3,2,-5,2,-4,1,-4,2,-2,4,-4,2,-5,2,-4,3,-2,3,0,3,3,3,2,1,0,2,0,3,2,3,-5,2,-5,2,-5,2,-4,2,3,1,-5,4,-1,5,0,1,-1,2,0,1,2,3,3,2,3,2,4,1,-4,3,-5,3,-2,4,2,-2,1,-9,-2,-2,-5,2,-4,1,-4,1,-1,1,4,1,1,12,2,2,1,3,-1,3,-1,4
10,17,11,16,11,16,10,16,9,16,9,16,6,18,5,19,3,20,3,18,1,18,2,18,0,17,-9,13,-10,14,-8,14,-6,12,-6,15,5,19,5,18,6,18,7,17,7,18,6,17,5,17,5,19,4,19,-3,14,-9,13,-6,15,-7,15,0,14,6,11,3,12,4,12,8,14,8,11,8,12,-10,16,8,11,-3,15,-4,13,-1,3,-2,2,-9,13,-7,14,-7,14,4,16,-4,19,0,15,1,14,5,11,6,12,9,13,8,17,7,17,6,18,-5,12,-10,15,-1,16,-7,14,-7,12,-7,13,-5,13,5,17,7,18,5,17,6,18,6,18,7,17,-6,14,-7,14,-3,13,-3,11,10,12,-8,15,3,18,-10,5,1,11,2,10,10,11,9,13,9,14,9,11,-8,18,-5,15,2,15,4,4,0,-3,4,0,-10,13,-10,13,-11,11,-10,9,5,13,5,15,1,13,0,15,-6,17,-5,18
-3,18,-2,18,-1,19,-3,18,-3,18,-4,17,-5,19,-7,18,-9,18,-9,17,-9,16,-9,16,-9,15,-8,14,-6,18,-8,19,-8,21,-6,23,-6,20,-5,20,-5,19,-5,19,-5,19,-5,18,-6,18,-7,20,-8,21,-9,18,-3,17,1,18,-2,21,5,17,8,15,8,12,8,13,9,17,6,16,7,16,2,17,8,17,5,17,5,13,3,-1,5,1,-2,15,1,15,-1,20,2,19,4,17,6,17,7,15,9,10,8,12,9,21,-5,19,-6,19,-7,20,-8,17,-5,18,-8,26,-6,15,-2,13,-3,14,-9,20,-7,20,-6,21,-6,19,-5,20,-4,20,-5,19,-6,18,-5,20,-8,20,-6,21,-1,16,-2,18,4,28,-12,8,6,16,8,11,7,14,8,17,7,19,7,17,5,19,0,21,8,18,7,5,9,-3,8,-3,-2,16,-2,19,-4,15,4,17,7,18,7,17,7,14,5,17,0,23,4,19
-1,25,6,29,0,28,3,26,-2,28,1,27,3,29,1,30,-1,29,4,29,7,29,5,31,2,30,3,29,3,29,4,29,4,29,4,29,5,28,6,28,4,29,4,31,4,30,-2,30,4,27,2,27,1,28,4,27,-7,28,-6,26,-5,28,-5,27,-5,28,-4,27,-3,29,-3,29,-3,31,-2,30,-3,28,-3,27,-3,30,-5,29,-1,16,1,19,-5,29,-5,28,-4,27,-6,28,-4,29,-5,29,-3,28,-3,29,-2,31,-4,29,2,25,3,26,5,28,4,28,6,28,7,28,6,28,5,27,3,26,3,27,3,26,3,26,4,26,5,27,4,28,4,29,5,26,5,26,4,26,6,27,4,27,5,29,-3,28,-2,28,-2,30,-2,30,-2,30,-1,29,-1,32,-2,30,-1,29,4,26,-1,30,-5,21,-2,13,-2,16,-3,31,-4,29,-2,30,-2,28,-5,29,-5,30,-4,31,-5,29,-2,30,-2,31
4,45,7,45,-2,46,6,44,-5,45,-3,44,1,44,-1,44,-5,45,-6,44,7,47,8,48,7,47,6,48,3,48,0,47,-3,46,0,47,2,46,6,47,7,46,7,45,6,46,-5,47,2,44,0,44,-2,45,-1,45,1,46,-7,48,-3,48,1,45,3,47,5,47,5,47,6,47,3,49,3,47,3,48,3,45,3,47,-3,46,-3,32,-4,36,-8,49,-6,49,-5,49,-3,49,3,45,3,49,4,48,5,48,5,49,4,49,-2,46,5,47,4,47,-3,45,7,48,10,49,10,48,8,49,-3,45,1,47,1,47,6,47,9,46,10,47,11,47,9,46,7,45,5,45,2,44,3,45,-2,44,-1,44,-4,50,-1,50,3,47,5,48,6,48,7,49,6,51,5,49,4,48,4,46,5,47,-1,38,1,30,-3,31,-7,49,-7,50,3,48,4,47,2,48,2,47,4,51,4,49,4,51,3,52
12,62,15,61,-8,64,19,57,-8,63,-3,62,15,53,10,53,6,60,0,61,15,63,18,62,20,61,20,60,19,58,17,59,0,64,6,62,7,63,12,64,15,62,17,61,19,59,-7,64,18,54,15,54,11,56,7,61,5,64,-24,56,-21,57,-16,57,-8,60,-5,63,1,65,6,66,7,66,8,65,7,66,3,65,0,64,-12,62,-13,47,-15,51,-22,62,-23,61,-23,59,-21,58,-1,62,-10,61,-7,65,0,67,6,68,8,67,-10,67,-8,66,24,55,6,61,16,66,19,65,22,64,23,62,-4,64,19,58,10,61,13,65,17,64,19,64,22,62,24,59,24,54,24,52,18,53,16,56,11,59,6,61,-21,60,-19,59,1,64,-5,64,2,68,8,69,10,68,11,66,8,67,6,66,2,65,-7,52,-8,46,-12,47,-17,64,-20,65,9,67,7,67,3,67,-17,61,-8,67,-3,68,3,72,7,70
3,25,2,30,4,27,2,26,3,27,3,27,2,30,1,31,2,29,3,29,-2,30,-2,33,-1,31,-5,30,-5,29,-4,29,-5,29,-5,31,0,30,1,28,0,30,-2,32,-1,32,1,30,0,28,1,28,-1,29,-1,28,-10,28,-4,26,-4,28,-4,27,-5,27,-5,27,-4,29,-1,29,-3,30,-4,29,-5,27,-4,26,-4,29,-2,29,3,16,2,19,-4,28,-5,28,-7,27,-3,28,-7,28,-5,28,-4,27,-4,28,-5,30,-4,29,5,25,3,26,2,29,4,28,-3,29,-1,30,-3,28,-4,29,-3,26,1,28,3,26,4,26,1,27,-1,29,-1,29,4,29,1,27,3,26,1,27,1,27,6,27,5,29,1,28,-1,27,-1,29,-4,28,-4,29,-3,28,-3,31,-3,29,-5,28,-2,27,-2,29,-1,20,2,13,3,16,-1,31,-3,29,-7,28,-7,26,-5,28,-5,29,-6,31,-7,29,-6,29,-6,30
-4,46,-3,48,8,45,-2,45,4,45,2,43,-4,46,-3,45,1,47,2,47,-5,45,-4,49,-4,48,-5,46,-5,46,-5,46,-3,48,-5,48,-5,47,-5,47,-4,49,-4,48,-5,48,4,46,-5,45,-5,46,-4,47,-3,45,-10,48,2,44,1,44,1,44,0,46,-4,46,-7,46,-8,46,-9,46,-7,46,-6,46,-3,45,-1,45,3,45,7,31,6,35,2,47,4,48,4,45,3,45,0,45,1,48,-3,48,-6,48,-7,48,-7,46,9,48,-3,47,-5,47,5,47,-4,46,-2,49,-2,49,-3,47,6,49,-3,45,-1,48,-2,47,-3,47,-3,49,-2,49,-2,45,-3,44,-3,46,-3,46,0,48,3,46,7,46,6,47,7,45,2,47,-1,47,-3,47,-4,47,-5,48,-4,46,-3,47,2,46,2,46,4,36,8,28,7,30,4,49,4,50,-6,50,-5,50,-1,49,1,46,-2,49,-7,49,-9,50,-9,48
2,63,-5,65,18,60,-10,63,20,55,20,53,1,62,4,62,8,64,12,64,-4,63,-8,62,-10,62,-9,62,-7,63,-3,63,13,60,7,63,5,63,-2,66,-7,66,-9,64,-9,64,20,57,-4,63,0,63,3,63,7,63,5,63,3,63,0,62,-2,61,-8,59,-11,61,-14,61,-16,61,-18,58,-19,58,-21,57,-21,55,-17,54,-5,59,4,48,9,51,8,64,9,65,7,64,3,64,-17,59,-7,62,-9,64,-12,64,-15,63,-18,61,25,63,-8,66,-4,66,14,66,0,64,-4,65,-6,65,-6,64,22,60,0,64,12,62,9,65,2,65,-4,67,-7,66,-7,64,-6,63,-2,64,1,63,7,64,12,64,15,65,9,65,6,64,-15,60,-7,63,-10,64,-13,64,-15,62,-17,60,-18,59,-16,56,-14,56,-9,49,0,44,4,48,6,66,9,67,-22,63,-21,60,-20,59,-1,65,-9,66,-14,66,-16,68,-18,65
