-1,-16,0,-17,-1,-15,0,-15,-1,-16,1,-16,-1,-15,0,-15,-2,-11,-2,-11,-2,-16,-4,-3,7,15,0,-16,1,-14,1,-15,-1,-15,0,-16,0,-15,5,-17,5,-15,5,-15,5,-14,5,-13,4,-17,4,-15,5,-16,3,-16,4,-16,5,-15,3,-15,3,-15,2,-15,5,-14,-2,-15,-2,-16,-2,-15,-2,-16,-1,-16,0,-16,-1,-15,-2,-15,-1,-15,0,-16,2,-16,3,-15,-5,-11,4,-1,4,-15,3,-15,3,-16,5,-14,2,-16,3,-17,4,-16,4,-16,3,-16,4,-15,3,-15,3,-15,3,-15,4,-16,3,-16,2,-14,4,-16
0,0,0,0,0,0,0,0,0,0,0,0,0,0,0,0,0,0,0,0,0,0,0,0,0,0,0,0,0,0,0,0,0,0,0,0,0,0,0,0,0,0,0,0,0,0,0,0,0,0,0,0,0,0,0,0,0,0,0,0,0,0,0,0,0,0,0,0,0,0,0,0,0,0,0,0,0,0,0,0,0,0,0,0,0,0,0,0,0,0,0,0,0,0,0,0,0,0,0,0,0,0,0,0,0,0,0,0,0,0,0,0,0,0,0,0,0,0,0,0,0,0,0,0,0,0,0,0,0,0
-1,1,-2,1,-2,2,-1,2,0,3,-2,3,-1,3,0,3,-1,-10,-1,-2,2,1,-1,3,0,0,3,2,-1,1,-2,2,-2,3,0,3,-1,3,2,1,2,0,1,3,0,4,0,5,-3,1,-4,3,-4,1,-3,2,-2,2,2,3,-3,0,-3,1,-4,2,3,3,-1,2,-1,2,0,1,-1,2,-2,3,-2,4,-2,5,-1,4,0,2,-1,3,0,3,0,4,2,3,2,4,3,3,2,3,1,3,1,5,-1,1,-3,2,-3,3,-3,1,-3,2,-2,2,-1,3,-1,3,1,2,1,2,3,2,-4,0,3,2
1,14,1,12,-1,12,-1,12,0,12,0,13,-1,17,1,18,1,6,3,9,7,13,-1,18,-2,15,8,12,-2,14,0,15,-3,15,1,16,0,16,-4,14,-4,15,-14,12,-8,17,-9,18,-14,9,-16,11,-15,10,-14,10,-14,11,-3,18,-4,17,-14,10,-15,12,-2,16,2,14,-1,12,-1,11,-1,10,0,16,0,18,-2,17,3,17,-1,17,-1,16,4,16,-6,17,-7,16,-8,19,-3,17,-4,15,-6,16,-7,17,-13,11,-14,11,-13,11,-15,10,-14,11,-13,13,-11,16,-8,17,-7,17,-2,16,-2,16,-14,10,-2,16
-6,15,-5,14,-8,13,-7,13,-5,14,-6,15,-7,22,-6,21,-7,9,-7,10,-6,14,-8,15,-1,0,1,14,-9,14,-7,16,-7,19,-6,19,-6,18,5,16,2,18,-1,19,1,24,0,26,-6,16,-7,17,-7,16,-5,17,-4,19,6,19,5,17,-2,17,-2,17,5,19,-7,17,-8,14,-8,12,-8,12,-8,18,-6,21,-10,21,-2,10,-11,16,-8,19,-5,19,3,17,-1,16,0,19,4,18,-1,18,2,21,1,24,-3,16,-6,16,-5,17,-6,16,-5,18,-2,21,0,24,0,23,3,19,6,15,7,14,1,15,7,16
1,1,1,0,2,1,2,1,2,2,3,2,2,3,0,4,-1,-8,-2,-6,-1,2,-1,2,-2,-1,-3,2,-2,1,-2,2,-2,2,0,2,1,2,-2,0,-4,0,-4,3,-2,3,-2,3,2,1,2,2,3,1,3,2,2,1,-4,2,-3,2,3,2,2,1,-4,2,1,2,2,2,2,2,1,2,2,2,1,3,1,5,-1,4,0,3,-2,2,0,3,-2,2,-3,7,-13,12,-3,2,-3,2,-3,2,-2,2,2,1,2,1,2,2,1,1,1,1,1,2,0,2,0,3,1,2,-1,1,-3,1,-3,1,-4,2
11,14,12,12,13,13,13,13,14,13,13,14,9,19,4,21,3,9,0,12,0,19,-1,18,-8,12,-4,13,-4,15,2,17,4,16,7,15,10,15,-13,7,-15,9,-14,12,-10,14,-9,15,-1,10,-1,9,0,7,2,9,1,8,-13,11,-15,10,0,16,-14,12,-14,12,14,13,14,12,15,11,14,11,11,16,9,18,4,20,2,19,0,19,4,17,6,17,-10,11,-8,16,-8,20,-12,11,-12,11,-11,13,-9,13,-1,12,-1,11,-2,10,-2,9,-1,9,-2,11,-6,14,-6,14,-9,14,-12,10,-14,10,-13,11,-13,12
-2,17,1,15,2,17,2,17,3,17,3,19,-4,24,-7,23,-8,11,-10,11,-9,16,-9,16,-2,0,-4,14,-4,15,-7,17,-6,21,-5,20,-2,20,-3,13,-4,16,-3,18,0,21,-1,23,5,14,4,14,5,12,6,12,5,13,-2,16,-3,17,-1,17,-1,16,-3,16,4,23,5,19,6,19,5,20,2,23,-5,22,-10,22,-12,19,-11,17,-9,21,-6,21,-1,13,-6,13,-1,18,-3,15,-3,15,-1,19,0,20,5,13,7,12,6,12,5,12,4,13,3,16,0,20,-1,21,1,17,4,11,-4,16,-3,16,-4,15
3,27,2,26,2,28,2,27,1,27,1,28,0,30,0,28,-1,18,-2,21,-2,28,-3,29,-3,25,-1,27,-1,27,-2,28,-2,30,0,28,1,28,-7,26,-6,25,-7,29,-8,30,-8,30,-6,26,-7,27,-5,26,-5,27,-6,27,-6,28,-7,26,-4,25,-4,26,-3,29,2,29,1,28,1,27,1,28,0,28,0,29,-2,29,-3,30,-3,29,-1,29,-1,29,-8,27,-9,28,-10,28,-6,28,-6,27,-7,28,-7,29,-8,27,-8,28,-6,28,-6,26,-7,27,-6,28,-7,28,-7,28,-7,29,-4,27,-4,27,-4,26,-4,28
7,50,9,48,10,49,10,49,8,50,5,51,-5,50,-7,50,-8,39,-10,42,-10,48,-10,50,-9,49,-8,51,4,52,-10,49,-8,51,-4,51,-1,51,-16,48,1,48,0,50,-1,51,-2,53,4,46,-16,49,2,47,2,46,2,47,-13,51,-15,49,-13,49,-12,52,-9,52,5,53,7,51,8,50,6,50,-3,51,-5,51,-10,52,-12,50,-12,50,-10,52,-9,51,-14,50,-17,52,-18,52,1,50,-10,53,-1,49,-2,52,3,48,-16,49,3,48,1,47,1,48,1,49,0,51,-2,51,-9,52,-10,51,-11,50,-11,49,4,49
18,71,21,67,24,67,26,65,28,61,27,58,19,57,14,59,11,51,3,60,-3,68,-8,73,-13,71,-13,72,24,60,-7,72,-2,72,4,71,10,70,3,-3,1,72,-4,73,-8,73,-23,61,-1,69,-31,64,4,71,2,71,-2,70,-26,68,-28,65,-28,62,7,73,-29,59,15,72,19,70,22,69,23,66,19,60,14,61,9,64,1,68,-4,70,8,65,3,69,-27,70,-31,72,0,-1,0,74,-4,73,-9,72,-23,62,-8,69,-29,69,3,73,3,72,0,73,-3,72,-8,72,-12,71,-22,73,-23,70,-26,69,7,73,6,73
4,27,2,26,2,28,2,27,1,28,2,29,2,30,2,29,3,18,0,22,2,28,1,29,-1,25,-1,27,-2,27,1,29,0,31,1,28,2,28,-6,26,-6,25,-8,28,-7,29,-6,30,-7,25,-4,27,-4,26,-4,27,-5,26,-4,28,-4,26,-1,26,-2,26,-4,28,2,29,0,28,0,27,1,28,0,29,1,30,1,30,1,30,1,29,0,29,1,29,-6,28,-7,29,-8,28,-7,27,-7,26,-7,27,-7,29,-6,27,-5,28,-4,28,-5,26,-6,27,-6,28,-6,28,-4,29,-5,29,-2,27,-2,28,-3,26,-4,27
-9,47,-9,46,-8,49,-7,50,-6,51,-7,50,-6,51,-4,50,1,40,4,44,8,50,7,51,7,48,7,51,-9,51,3,53,-5,52,-4,52,-5,52,1,48,-13,51,-9,53,-7,53,-3,52,-16,47,2,48,-13,48,-10,49,-8,49,5,48,3,49,3,49,3,50,4,50,-9,50,-9,49,-7,51,-8,51,-9,51,-7,52,-4,53,-1,52,3,54,-11,52,-10,51,2,48,-1,51,-3,51,0,49,0,49,-6,51,-3,51,3,48,3,48,-14,49,-12,48,-10,50,-7,51,-2,50,2,50,4,50,6,48,4,49,3,49,3,48
7,66,-1,67,-8,72,-11,72,-12,71,-10,72,-1,71,5,71,10,62,4,60,19,71,22,70,23,64,26,63,-13,74,24,60,20,62,14,63,11,72,2,71,1,72,-4,73,-31,59,-13,73,-29,68,3,72,3,70,-29,55,-29,53,-2,71,3,72,8,72,8,74,5,74,3,69,-7,71,-12,73,-15,73,-5,73,1,72,5,74,10,75,14,73,-3,72,4,73,-5,71,-2,74,-2,75,0,74,-4,72,-30,61,-13,73,-8,69,-3,70,3,73,2,71,-30,57,-28,58,-26,59,-20,61,-9,70,0,71,4,73,7,72,6,73
