-7,-15,-5,-15,-4,-14,-6,-12,-5,-13,-7,-14,2,-15,5,-15,-7,-13,-4,-15,-2,-15,-3,-14,-6,-14,-5,-14,-5,-15,7,-14,-2,-1,6,-14,4,-14,4,-15
0,0,0,0,0,0,0,0,0,0,0,0,0,0,0,0,0,0,0,0,0,0,0,0,0,0,0,0,0,0,0,0,0,0,0,0,0,0,0,0
4,1,-2,1,1,2,3,3,4,3,4,1,4,2,2,3,1,3,0,3,1,2,1,3,3,2,3,3,2,2,-2,2,-2,3,-5,1,3,4,1,3
2,14,-3,12,0,13,3,15,8,15,4,16,7,13,2,17,1,14,0,15,0,13,4,14,5,14,6,14,4,14,0,15,1,15,-9,14,2,17,1,16
-5,14,-8,13,-7,12,-4,15,4,19,3,28,6,14,9,14,-7,14,-8,13,-6,13,-4,14,-4,13,-3,14,-1,14,7,13,7,15,4,13,7,16,7,15
0,3,1,3,2,3,0,4,0,4,0,2,-4,4,-4,1,0,3,1,4,1,3,1,4,-1,3,-2,3,-1,3,-1,2,-4,5,2,2,-5,3,-4,2
-4,18,-3,18,-2,18,-2,18,-4,18,-4,18,-7,13,-6,12,-3,18,-3,18,-1,17,-4,17,-7,17,-6,18,-6,18,-2,14,-4,13,-1,11,-7,14,-6,13
-9,15,-9,14,-8,14,-7,16,-6,15,-7,14,-1,14,3,13,-10,16,-10,16,-8,15,-8,15,-11,13,-10,13,-9,14,5,1,3,0,6,9,2,13,2,14
-2,32,-2,28,-1,29,-3,33,-3,32,-3,31,-1,25,-4,27,-2,30,-3,31,-2,27,-2,31,-1,32,-1,33,-2,33,-3,29,0,28,-5,27,-2,29,0,30
-7,49,6,50,-7,46,-7,45,-6,47,7,49,6,45,-11,48,6,49,-9,48,-8,45,-7,43,7,50,9,50,-7,49,6,45,6,44,5,44,7,45,6,45
-12,67,-8,67,-3,66,-2,64,-7,66,-11,66,5,65,-26,64,22,61,-9,67,-4,65,-1,64,18,66,-11,65,-12,65,7,65,3,65,0,64,1,66,7,66
-1,32,0,29,1,30,1,33,1,32,-1,31,-8,25,-1,27,-2,31,0,32,0,28,3,31,-3,32,0,33,0,33,1,29,-6,27,-4,27,-8,29,-7,30
-7,49,-7,47,4,50,4,51,6,50,7,49,-11,47,6,46,-9,49,4,51,1,50,6,50,-7,49,-7,49,9,50,-9,46,-7,47,-9,45,-10,50,-12,50
-13,67,-9,68,24,60,16,68,18,67,19,66,-24,64,9,65,-13,67,24,62,22,59,17,65,-9,66,21,66,24,65,-25,57,-24,56,-20,61,-22,66,-24,64
