-6,-14,-9,-13,-7,-13,-6,-13,-7,-14,-8,-14,-7,-14,-4,-15,-6,-13,-2,-14,-6,-14,-6,-13,1,-18,-4,-13,-5,-14,-6,-13,-5,-15,-4,-13
0,0,0,0,0,0,0,0,0,0,0,0,0,0,0,0,0,0,0,0,0,0,0,0,0,0,0,0,0,0,0,0,0,0,0,0
0,6,1,4,0,5,1,6,-1,6,8,2,3,3,-2,6,-1,5,-2,-12,-1,4,6,3,4,1,5,5,5,5,6,4,1,4,2,5
4,18,2,15,3,16,4,18,3,17,11,14,10,15,-1,17,1,17,0,4,0,17,7,17,0,9,5,19,3,18,4,17,1,17,2,18
-3,19,-2,19,-4,20,-3,22,-3,22,1,21,1,21,-3,20,-5,22,-7,8,-6,22,-2,22,4,19,-3,19,-4,18,-5,18,-7,18,-6,19
6,7,4,4,6,5,5,6,7,4,-1,7,0,3,5,4,3,5,2,1,4,4,-1,7,-4,1,-1,6,-3,5,0,5,3,5,2,6
6,22,7,20,8,19,7,22,8,19,1,23,-3,16,9,18,7,21,3,8,5,22,-2,23,-6,7,-2,20,-4,19,-3,20,4,21,2,22
-3,22,-2,22,-3,21,-4,24,-4,24,-8,23,-2,19,-1,20,-4,24,-7,10,-5,24,-6,23,-6,16,-7,20,-7,19,-10,19,-9,21,-8,22
6,29,7,29,3,30,4,31,2,31,10,31,7,29,0,31,2,29,-1,18,-1,32,5,36,2,20,3,36,4,37,3,35,3,37,2,29
-3,45,11,50,-4,47,-4,48,-2,49,10,49,6,48,-6,47,-6,47,-5,35,0,49,9,51,10,34,13,51,11,51,7,50,-2,50,0,49
0,65,20,67,-5,66,1,66,6,66,17,61,14,68,-7,64,-2,65,3,51,9,66,20,69,22,50,26,65,26,61,26,58,-2,63,15,59
10,29,7,30,6,31,8,31,8,29,4,32,1,29,8,31,4,30,3,17,3,32,-2,37,-6,21,-4,37,-5,38,-6,37,-5,39,0,30
8,52,-4,49,-3,48,11,49,11,49,0,51,-4,48,8,47,-6,48,7,34,9,49,-3,51,-5,34,-4,51,-6,50,-7,50,-6,53,-6,49
-1,65,3,70,-5,66,27,55,24,57,9,67,12,66,13,34,-2,66,17,40,11,65,0,66,-8,48,-10,65,-12,66,-11,65,-1,64,4,66
