-4,-13,-3,-14,-2,-15,-4,-14,-5,-14,-5,-15,-4,-13,-3,-14,-4,-15,-4,-14,-4,-14,-4,-13,-4,-14,-5,-14,4,-14,4,-14,5,-14,6,-14,5,-14,5,-15,6,-15,6,-15,5,-14,4,-14,5,-14,7,-14,7,-14,7,-13,6,-14,7,-13,7,-13,-4,-14,-4,-15,-3,-14,-5,-14,-4,-14,-4,-15,-5,-14,-6,-13,-6,-15,-5,-14,-6,-14,-5,-15,-4,-14,-4,-14,-4,-15,-5,-14,-4,-14,-5,-14,-5,-14,-6,-14,-5,-15,-6,-14,-5,-15,8,-14,8,-13,8,-13,6,-13,7,-13,7,-14,7,-14,8,-14,6,-14,7,-14,6,-13,6,-14,6,-14,7,-14,5,-13,7,-13,7,-14,8,-13
0,0,0,0,0,0,0,0,0,0,0,0,0,0,0,0,0,0,0,0,0,0,0,0,0,0,0,0,0,0,0,0,0,0,0,0,0,0,0,0,0,0,0,0,0,0,0,0,0,0,0,0,0,0,0,0,0,0,0,0,0,0,0,0,0,0,0,0,0,0,0,0,0,0,0,0,0,0,0,0,0,0,0,0,0,0,0,0,0,0,0,0,0,0,0,0,0,0,0,0,0,0,0,0,0,0,0,0,0,0,0,0,0,0,0,0,0,0,0,0,0,0,0,0,0,0,0,0,0,0,0,0,0,0,0,0,0,0,0,0,0,0,0,0
-5,2,0,3,0,2,-1,2,2,3,-2,2,1,3,-3,3,-2,2,-3,1,-3,1,-3,1,-3,2,7,3,4,3,3,2,5,2,4,1,-1,5,-4,4,-4,4,-2,4,-3,4,0,3,-1,3,4,2,5,3,4,5,3,5,4,4,3,4,-3,1,-4,1,-3,2,-1,3,0,3,0,4,1,4,4,3,2,2,0,4,-2,2,-2,2,-2,3,-2,3,-4,2,-3,1,-3,2,-1,3,0,3,2,2,7,3,6,2,6,2,3,3,2,4,3,4,3,4,4,3,-4,4,-3,4,-1,3,-2,5,-2,4,0,5,-1,3,0,4,4,5,3,6,5,6,4,5,4,5
-5,11,1,14,0,12,-1,12,0,13,-2,12,-1,14,0,12,1,11,0,11,0,10,0,10,0,11,10,13,-1,19,0,19,1,16,2,15,-10,17,-10,17,-10,18,-9,18,-9,18,-5,16,-6,18,4,10,5,17,4,18,4,17,4,17,3,18,-3,15,-3,13,-2,13,-1,15,0,16,0,16,1,16,4,16,1,14,-1,16,-1,13,0,11,0,12,0,14,0,12,-1,10,-1,11,-1,13,-2,16,0,15,7,16,10,12,10,13,1,18,-3,19,-1,18,-2,19,-2,17,-9,20,-11,17,-5,16,-9,19,-9,19,-9,19,-8,16,-3,19,5,20,5,20,5,19,4,19,3,19
-9,17,-6,17,-6,16,-7,15,-7,16,-8,16,-5,22,-6,15,-6,13,-7,15,-6,14,-5,15,-6,16,-3,18,6,22,7,22,6,23,7,23,1,26,1,24,3,24,4,24,2,24,3,24,4,24,5,19,7,18,7,20,4,20,4,23,5,22,-6,27,-6,23,-7,18,-7,18,-7,18,-6,17,-6,19,-6,19,-6,20,-3,26,-7,17,-7,14,-6,14,-6,15,-6,14,-6,14,-6,15,-5,18,-5,26,-6,21,-4,19,4,19,-7,18,6,21,6,23,4,24,4,26,3,27,1,22,-1,23,5,14,0,23,2,23,2,24,2,23,5,23,6,19,2,23,5,22,5,21,6,21
7,6,3,5,3,5,2,5,0,6,3,3,2,5,6,5,4,3,4,4,5,4,5,5,3,4,-2,6,-5,2,-4,2,-5,2,-5,1,-2,2,1,3,0,2,-1,2,-2,2,-4,1,0,1,-5,-1,-6,0,-6,0,-7,0,-6,0,-6,1,6,6,4,5,5,4,2,5,2,6,3,6,2,4,0,5,2,4,3,5,3,3,3,4,3,4,4,4,5,4,4,4,4,3,3,5,3,5,1,5,-2,6,-4,5,-3,5,-5,0,-5,1,-5,1,-6,1,-5,1,0,1,-1,2,-3,2,-1,2,-2,1,-4,2,-4,1,-3,2,-6,0,-8,1,-6,1,-7,0,-6,0
10,19,4,19,3,19,2,18,1,19,4,19,3,18,12,17,9,15,11,16,10,15,8,18,6,16,2,20,-8,12,-5,14,-7,13,-6,13,-2,10,2,11,-2,10,-3,12,-3,11,-6,13,-2,12,-12,9,-12,10,-13,10,-13,11,-12,10,-10,11,7,21,3,18,4,18,2,19,3,20,3,20,3,21,1,19,1,18,3,19,5,18,8,17,10,16,10,17,9,16,9,16,9,17,7,18,4,21,1,19,0,21,-2,21,-4,21,-12,10,-11,10,-11,11,-10,13,-8,13,-3,11,-3,11,-5,12,-1,10,-3,10,-5,13,-8,13,-5,14,-13,11,-14,12,-12,11,-12,11,-11,11
-3,24,-7,18,-6,18,-1,31,-4,31,-3,30,-4,28,2,17,-4,14,-7,15,-6,15,-1,24,-4,16,-7,20,0,20,2,20,-1,22,0,22,5,12,7,13,6,12,6,13,4,13,4,16,3,19,-5,16,-5,15,-6,15,-6,16,-6,17,-4,18,-5,30,-7,25,-6,20,-8,20,-7,20,-7,19,-8,21,-8,21,-7,26,-4,29,-3,27,7,27,11,28,9,29,-4,14,8,28,11,27,8,29,-2,31,-7,24,-8,21,-10,19,-10,19,-5,18,-5,18,-4,19,-4,22,-3,25,5,15,5,14,4,13,5,15,5,14,4,17,0,20,1,21,-6,17,-8,19,-6,18,-5,18,-5,18
-3,26,-3,26,-4,27,-3,28,4,29,-3,27,2,30,2,27,4,29,6,28,3,29,6,27,-1,27,1,29,-3,29,-3,29,-3,28,-4,26,-5,29,-4,29,-4,29,-4,28,-6,28,-5,27,-6,26,-5,27,-3,27,-4,29,-5,27,-4,27,-4,28,0,27,0,27,0,28,-2,29,-3,29,-2,29,-1,30,4,30,3,27,0,29,1,28,1,27,3,27,-1,30,1,30,3,28,5,27,3,28,4,27,3,27,1,29,0,30,0,29,-4,29,-8,29,-8,29,-9,29,-8,28,-7,28,-7,28,-6,29,-9,28,-8,27,-9,27,-7,26,-7,26,-6,28,-6,29,-4,30,-4,28,-4,28
-9,44,-8,41,-7,41,-7,44,7,46,-6,44,4,47,8,44,9,43,11,44,10,44,8,44,5,44,-3,43,7,44,5,45,-9,48,-6,47,6,45,5,44,4,45,3,46,1,45,1,45,1,44,-9,46,3,43,-13,48,-12,47,-10,47,-6,47,-1,43,-3,42,-5,42,-8,42,-7,44,-6,45,-6,46,4,47,2,46,-6,42,-3,44,4,43,7,44,-5,46,11,44,10,44,8,44,6,44,3,44,0,42,-3,43,-5,43,-4,45,3,41,2,44,-13,47,-11,48,-7,46,3,44,2,44,2,45,0,45,0,44,0,45,0,43,0,44,-13,47,-15,49,-12,47,-10,46,-8,47
-12,62,1,55,-3,59,-8,60,20,61,-11,60,-8,62,18,61,20,59,22,59,25,56,26,54,23,50,4,61,5,64,8,65,-24,61,-24,59,-2,64,2,65,6,64,6,65,3,64,0,64,-4,63,-19,63,0,62,-26,65,-27,62,-28,60,-27,58,16,50,12,51,9,52,-1,59,-6,62,-9,62,-11,63,21,59,20,56,-1,60,3,61,11,59,16,62,-2,65,22,60,24,59,25,56,24,53,21,52,18,52,5,60,-1,62,-6,63,0,62,3,63,-30,61,-30,58,-30,57,-9,61,-5,64,0,65,3,64,3,63,2,65,-2,63,-6,62,-25,64,-29,65,-28,61,-29,57,-28,57
4,27,4,27,4,28,3,28,-1,30,3,28,1,30,2,28,1,29,0,29,-1,29,6,28,1,28,3,29,-8,28,-9,28,-7,28,-4,26,-8,28,-7,28,-6,28,-6,27,-7,27,-8,26,-7,25,-11,26,-11,26,-11,26,-11,25,-10,26,-8,26,6,28,5,27,5,29,3,30,3,30,3,29,3,30,0,31,2,27,3,30,4,28,1,28,0,27,6,30,2,30,1,28,3,28,1,28,4,29,3,28,1,29,0,30,1,30,-13,27,-10,28,-11,28,-10,29,-5,28,-8,27,-10,26,-10,27,-7,27,-8,26,-8,26,-10,24,-9,25,-11,26,-13,27,-11,28,-9,26,-9,26
1,44,4,45,7,45,8,46,-7,45,5,45,-6,45,-6,45,-5,44,-3,46,-3,46,-3,44,-4,44,5,46,-12,48,-11,47,5,45,5,44,-8,45,-10,44,-10,44,-8,45,-8,45,-4,44,-1,43,4,42,-11,46,1,43,0,43,1,43,0,44,-7,43,-5,43,-3,43,4,47,7,47,8,46,7,47,-6,46,-7,42,-3,44,-4,45,-7,43,-6,45,10,45,-4,46,-4,46,-4,46,-5,45,-5,45,-5,45,3,46,6,48,7,49,-16,46,1,43,2,44,0,44,2,43,-6,43,-12,44,-14,44,-15,45,-12,44,-1,44,-8,44,-3,43,2,42,-1,45,1,45,0,44,1,43
19,51,11,61,16,62,18,61,-11,62,21,57,22,56,0,63,-4,63,-7,65,-7,64,-6,64,-3,63,16,64,-20,65,-23,62,8,65,6,64,-18,61,-21,60,-23,60,-24,59,-26,55,-23,53,-19,51,-5,60,-22,64,3,63,3,63,2,63,-1,64,-3,61,1,61,6,62,13,64,16,64,20,62,21,62,-10,63,-6,61,18,55,15,55,7,59,2,63,19,62,-6,65,-8,65,-7,65,-4,64,0,63,3,61,14,64,17,65,20,65,-26,64,3,63,3,64,0,64,-3,63,-18,59,-23,60,-26,61,2,65,-30,56,1,65,-29,50,-23,49,-2,62,0,65,3,64,2,63,-1,64
