-10,-15,-8,-15,-8,-16,-7,-15,8,-16,8,-15,8,-16,9,-16,8,-17,-9,-15,-9,-16
0,0,0,0,0,0,0,0,0,0,0,0,0,0,0,0,0,0,0,0,0,0
7,4,5,4,0,4,0,5,1,7,0,7,0,7,0,6,-4,5,7,3,6,3
7,17,4,19,7,17,5,17,-4,22,-3,22,-3,22,5,23,-6,21,6,16,8,17
-1,22,-2,25,-2,19,1,23,5,21,6,20,5,22,4,32,4,25,-3,20,-1,22
1,7,3,7,4,5,5,5,-6,0,-5,1,-6,0,-4,3,-2,4,-1,6,0,7
3,21,3,22,12,19,11,20,-7,13,-6,15,-7,17,-6,19,-5,17,-3,22,4,21
-5,26,-5,27,1,23,0,25,1,19,2,19,0,20,0,30,2,23,-7,24,-4,25
11,34,1,34,1,39,0,38,-7,27,-7,29,-3,34,-1,34,-2,33,11,29,12,30
11,53,-4,49,-3,53,0,55,-13,49,-15,52,3,52,3,54,4,49,14,45,15,47
22,62,0,70,5,72,1,75,-26,71,3,71,6,71,4,74,-1,71,23,52,29,51
2,36,9,36,11,39,13,41,-1,27,-1,30,-9,33,-8,33,-2,32,5,32,5,32
-5,51,-5,49,20,54,29,64,5,47,4,50,3,50,4,52,3,50,0,52,-1,50
-5,72,0,70,28,71,2,74,-2,67,2,71,5,70,3,74,-1,71,-2,74,2,72
