-10,-13,-9,-13,-10,-13,-10,-13,-9,-14,-8,-14,-8,-14,-9,-13,-8,-15,-9,-14,-9,-13,-11,-13,-12,-12,-12,-12,9,-14,9,-15,9,-14,9,-13,9,-15,8,-15,8,-15,8,-14,8,-15,10,-14,8,-14,9,-14,10,-14,10,-14,11,-14,11,-13,11,-13,11,-13,11,-13,-9,-14,-9,-15,-9,-14,-8,-14,-9,-15,-8,-15,-7,-15,-9,-15,-8,-14,-9,-14,-9,-15,-9,-14,-9,-14,-8,-13,-8,-15,-6,-16,-9,-14,8,-14,9,-14,10,-14,11,-13,11,-14,11,-14,10,-14,9,-15,9,-14,11,-14,10,-14,10,-14,10,-14,9,-15,9,-14,10,-15,11,-13,11,-13,12,-12,12,-12,13,-12,12,-13
0,0,0,0,0,0,0,0,0,0,0,0,0,0,0,0,0,0,0,0,0,0,0,0,0,0,0,0,0,0,0,0,0,0,0,0,0,0,0,0,0,0,0,0,0,0,0,0,0,0,0,0,0,0,0,0,0,0,0,0,0,0,0,0,0,0,0,0,0,0,0,0,0,0,0,0,0,0,0,0,0,0,0,0,0,0,0,0,0,0,0,0,0,0,0,0,0,0,0,0,0,0,0,0,0,0,0,0,0,0,0,0,0,0,0,0,0,0,0,0,0,0,0,0,0,0,0,0,0,0,0,0,0,0,0,0,0,0,0,0,0,0,0,0
6,-1,6,-1,5,1,4,2,4,2,1,3,1,4,4,2,5,2,4,0,6,1,6,0,6,0,7,0,-1,4,-2,4,-1,4,-3,3,0,4,-2,6,-3,5,-1,4,-5,4,-5,4,-5,4,-4,4,-2,3,-2,4,-2,4,-2,4,-1,4,-2,5,-1,5,6,1,6,2,5,2,4,3,2,3,2,2,1,2,2,2,4,2,4,1,4,1,6,1,6,1,7,1,8,0,8,-1,5,2,-4,5,-2,3,-1,4,-1,6,-1,6,0,5,0,5,-3,3,-3,3,-3,3,-5,3,-5,4,-5,4,-3,3,-2,4,-2,5,-3,3,-2,3,-1,4,1,4,1,4,-1,5
15,5,16,6,14,8,11,10,5,15,0,14,3,12,8,13,10,14,7,14,10,10,14,9,16,8,18,7,-4,17,-5,23,-1,18,3,15,2,15,-1,18,-4,17,-6,20,-10,20,-18,16,-19,16,-18,15,-12,20,-7,18,-5,18,-7,26,-4,25,-1,20,0,18,16,11,14,13,11,13,6,17,4,16,4,12,4,11,8,14,5,14,9,10,10,10,12,11,14,11,17,10,19,8,20,8,13,11,-7,22,-6,22,-4,23,-4,23,-3,21,-2,20,-3,20,-8,18,-11,19,-11,19,-16,17,-18,16,-18,14,-19,14,-17,16,-15,17,-11,20,-8,24,-4,24,-4,25,-2,23,-4,21
8,15,8,15,4,14,3,17,-2,22,-6,16,-5,12,-4,9,7,25,4,24,3,14,8,17,8,17,10,18,5,24,7,22,8,13,6,11,5,13,6,13,5,16,4,23,1,25,-8,28,-11,27,-10,26,-2,29,3,28,4,27,7,25,8,22,8,17,9,13,8,20,4,19,3,22,0,24,-5,18,-4,14,-3,11,3,23,-4,12,3,20,4,20,5,18,6,18,9,19,11,18,11,18,4,20,5,27,7,24,7,21,8,19,8,15,8,15,6,17,4,20,1,22,0,26,-6,27,-8,25,-10,24,-9,23,-6,23,-2,22,1,24,5,27,6,27,7,25,7,23,6,20
-1,6,-1,3,-1,4,0,6,1,5,2,4,3,4,2,5,1,6,1,4,1,6,-1,6,-2,6,-3,5,-3,3,-2,3,-4,3,-6,4,-5,3,-2,4,-2,2,-4,3,-1,2,1,2,-2,3,0,2,-1,1,-3,2,-3,2,-4,2,-6,2,-6,2,-5,1,-1,4,-1,5,-1,5,2,5,1,4,3,4,2,3,0,4,0,6,0,6,-1,5,-1,8,-2,6,-3,5,-3,5,-6,8,0,5,-2,3,-2,3,-5,2,-6,2,-4,0,-3,0,-4,0,-3,2,-2,3,-2,2,0,2,1,1,0,1,-3,2,-3,2,-2,1,-3,1,-4,2,-4,1,-5,1,-7,1,-6,-1
-2,20,-3,17,-2,18,0,19,3,18,5,20,8,13,7,14,0,19,2,17,-1,16,0,17,0,19,-3,20,-4,15,-4,16,-4,14,-4,14,-5,13,-3,15,-3,13,-5,17,-3,14,0,11,-6,12,-6,11,-3,12,-7,15,-6,16,-5,16,-7,14,-6,14,-10,8,-2,20,1,20,0,20,5,20,4,20,8,16,11,14,9,16,0,18,-2,20,-2,16,2,22,-1,20,-4,21,-5,19,-5,17,2,19,-5,17,-5,16,-6,15,-6,14,-11,6,-10,6,-10,8,-7,16,-7,15,-7,15,-3,12,-2,11,-3,10,-16,12,-2,9,-3,10,-7,15,-7,17,-7,15,-10,9,-9,13,-15,5
-10,14,-8,12,-7,16,-6,20,-4,24,5,32,-5,12,-4,10,2,28,0,27,-1,14,-3,26,-7,23,-9,19,2,24,5,20,3,14,1,11,1,14,5,12,5,14,2,22,4,21,8,12,5,11,4,8,5,15,-2,25,0,25,4,23,4,19,5,15,-1,12,-8,20,-5,22,-3,25,-1,27,-3,18,5,28,8,25,3,24,-3,13,-2,24,-3,25,-6,24,-7,22,-9,17,-9,13,-4,13,-4,23,2,24,4,22,5,19,5,16,3,13,-4,13,-2,14,0,21,0,21,0,23,5,19,5,15,5,13,-2,21,5,11,4,14,1,21,1,25,1,25,-3,20,0,20,-8,15
1,32,3,32,1,32,0,34,6,31,8,30,9,31,10,31,9,30,8,29,8,30,6,29,5,30,3,31,-3,31,-5,32,-4,34,-4,35,-3,34,-4,34,-3,33,-3,33,-4,31,-3,33,-3,34,-2,34,-3,31,-3,31,-4,31,-4,33,-5,34,-4,34,-3,34,2,32,6,33,6,32,8,31,7,31,9,31,10,31,7,31,7,32,6,30,6,28,5,31,2,31,3,32,3,32,5,31,6,31,-6,31,-6,32,-6,33,-6,34,-6,33,-5,33,-4,33,-4,33,-4,32,-3,31,-5,30,-4,33,-3,33,-1,34,-1,34,-2,32,-4,30,-4,31,-4,31,-5,34,-5,34,-5,34
-7,45,-5,51,-5,51,-5,49,-2,49,7,51,11,51,13,51,12,49,8,48,6,49,-3,46,-4,45,-5,45,5,53,1,53,-5,55,-7,55,-7,55,-5,56,-3,56,2,53,4,51,10,51,8,52,8,54,9,51,7,52,5,51,3,55,0,54,-3,57,-4,56,-4,51,-1,50,0,51,3,51,5,50,10,50,13,49,10,49,8,50,4,49,1,47,-1,48,-5,47,-5,49,-4,49,-3,50,1,50,0,52,-3,53,-5,54,-8,55,-10,54,-8,54,-7,56,-5,56,0,54,3,52,7,52,9,52,8,53,5,52,6,53,7,50,6,51,5,51,3,50,0,56,-2,55,-6,55
-4,64,-11,68,-7,69,-4,69,1,68,15,68,19,69,22,69,27,64,26,59,23,57,14,58,4,63,-1,64,0,69,-6,69,-13,71,-18,72,-22,70,-23,67,-20,65,-17,65,1,69,7,73,12,74,17,73,8,71,3,72,-1,71,-4,72,-8,73,-12,75,-15,74,-3,70,1,68,3,68,9,67,14,67,18,68,22,67,28,62,27,59,23,57,18,56,12,59,2,64,0,66,-4,66,-6,66,5,66,-4,69,-7,68,-12,70,-16,73,-19,72,-22,71,-24,69,-24,64,-20,65,-14,64,-3,71,4,72,8,72,12,71,12,72,9,70,5,70,2,69,-2,70,-5,72,-10,73,-14,74
7,33,6,32,6,32,5,34,4,32,6,31,5,32,4,32,4,31,4,29,4,31,6,30,6,32,5,32,3,30,1,30,2,33,2,35,0,33,2,33,2,33,1,32,-3,30,-3,33,-5,34,-5,34,-3,30,-4,31,-5,31,0,32,0,33,1,34,1,34,4,33,3,33,3,33,5,32,4,31,5,32,4,32,1,32,1,33,2,31,2,29,4,32,5,32,5,33,6,32,5,31,4,32,-1,29,-1,30,-1,31,1,33,0,32,1,32,0,33,0,32,0,31,-2,30,-6,30,-5,32,-7,32,-8,34,-7,32,-7,30,-7,29,-6,30,-7,30,-2,33,-1,34,-1,34
11,54,14,54,11,55,7,56,1,52,-6,50,-6,51,-4,51,-2,51,-2,50,-2,51,1,52,3,51,7,53,12,47,13,45,14,48,13,53,11,52,9,53,8,51,6,51,3,49,-4,52,-7,52,-8,51,0,49,3,49,3,48,9,48,10,49,10,50,10,53,7,55,-1,52,-1,54,-3,53,-7,51,-8,51,-7,51,-6,52,-6,53,-5,52,-4,53,-1,53,2,53,6,55,9,53,12,54,-1,53,8,47,9,47,10,47,10,50,8,51,8,52,7,53,7,52,5,50,3,50,-3,50,-6,51,-10,51,-12,50,-10,50,-7,48,-4,48,1,47,0,48,7,49,7,49,6,51
21,71,28,68,28,66,25,64,23,63,6,68,-4,73,-7,71,-7,70,-3,69,2,70,10,69,15,70,18,71,-2,58,3,63,16,69,18,70,20,68,15,70,11,69,7,69,-12,63,-12,70,-17,71,-21,68,-19,57,-14,57,-10,60,-3,63,3,69,10,71,14,71,27,66,24,64,19,62,13,65,8,67,0,70,-4,71,-9,72,-3,72,0,70,4,69,8,70,13,72,16,71,21,72,25,71,16,64,-7,58,-1,65,4,67,10,71,14,69,14,70,12,70,9,70,3,69,1,68,-11,68,-13,69,-18,69,-22,68,-27,63,-26,58,-22,57,-16,57,-11,60,-7,63,0,66,4,70
