3,-16,2,-16,4,-17,4,-16,0,-17,3,-17,2,-17,1,-16,2,-16,3,-16,3,-15,5,-16,1,-17,3,-17,3,-17,-1,-15,-3,-16,-2,-17,-2,-14,-3,-2,-4,0,-3,-15,-3,-14,-3,-15,-2,-14,-3,-14,-1,-14,-2,-15,-11,-88,8,-16,5,-15,5,-16,5,-17,4,-16,5,-16,4,-16,4,-16,4,-16,6,-16,5,-16,5,-15,3,-16,5,-16,5,-17,5,-15,5,-16,-3,-14,-3,-14,-2,-17,-3,-2,-2,-16,-3,-17,-2,-16,-4,-14,-5,-14,-5,-14,-3,-15,-3,-14,0,0,-8,-15,0,0,-2,0,0,-2,-4,-14,-10,-1
0,0,0,0,0,0,0,0,0,0,0,0,0,0,0,0,0,0,0,0,0,0,0,0,0,0,0,0,0,0,0,0,0,0,0,0,0,0,0,0,0,0,0,0,0,0,0,0,0,0,0,0,0,0,0,0,0,0,0,0,0,0,0,0,0,0,0,0,0,0,0,0,0,0,0,0,0,0,0,0,0,0,0,0,0,0,0,0,0,0,0,0,0,0,0,0,0,0,0,0,0,0,0,0,0,0,0,0,0,0,0,0,0,0,0,0,0,0,0,0,0,0,0,0,0,0,0,0,0,0
-1,5,0,5,0,4,-1,2,-2,0,1,4,2,5,-1,3,-1,6,0,4,0,3,3,3,0,5,1,2,-2,4,-8,4,-7,5,-5,-4,2,4,2,2,-2,9,4,1,2,2,3,2,-1,3,0,3,2,5,0,4,-9,-33,2,1,-3,6,-1,5,-2,7,-4,8,-1,5,-2,5,-2,6,1,3,-1,3,5,4,4,3,5,3,5,3,5,3,-7,1,3,4,4,1,3,2,2,3,0,3,4,3,2,1,-4,6,0,-1,-1,1,0,1,2,2,0,3,2,3,3,0,-2,25,2,-3,5,0,0,3,-4,1
0,19,0,18,0,18,0,17,-4,18,-2,18,0,20,-2,19,-3,19,-2,18,-2,16,3,16,0,17,2,16,-3,16,-9,15,-6,17,-2,5,6,19,7,19,-4,20,2,13,1,14,1,15,-2,17,-1,14,-2,22,-1,17,-1,-48,-2,13,-5,19,-4,18,-5,19,-6,19,-6,17,2,19,-2,20,1,20,2,21,5,15,-8,14,8,19,9,18,6,14,-10,12,-1,16,5,11,-3,14,5,16,-3,18,9,18,8,17,-3,20,7,19,-4,15,-4,15,1,15,-2,19,-1,21,-3,22,-5,22,0,24,-3,19,-4,20,-11,20
14,21,7,29,9,28,11,28,10,26,10,24,10,24,8,24,7,25,8,23,3,24,8,26,4,29,4,25,4,18,-11,17,-7,17,-4,-2,-4,17,1,16,-8,18,-8,22,-5,22,0,33,-7,21,-10,21,-9,21,-9,20,0,-47,5,22,0,25,3,25,5,16,4,17,4,16,3,18,10,27,11,26,11,24,4,18,5,19,3,16,6,16,5,17,2,15,7,23,-8,20,-9,20,4,19,-2,18,3,20,-2,18,5,18,1,22,-9,21,-9,22,-7,21,-6,22,-5,23,-6,35,-6,31,7,7,5,3,-7,31,-15,25
-2,5,-3,5,-2,4,-4,3,-5,5,-1,5,-3,6,-1,6,-3,9,-3,5,-2,5,-3,4,-3,5,0,3,-1,4,7,5,5,2,-2,-3,-1,8,-2,3,-2,10,-3,1,-2,2,-1,2,-1,4,0,3,1,5,-1,6,-13,-15,-4,2,-3,8,-3,4,-2,7,-2,6,-3,5,-4,9,-4,5,-3,4,-2,4,-8,5,-6,4,-9,4,-8,3,-7,1,4,3,-5,2,-4,1,0,2,0,4,0,6,-4,4,1,1,3,3,-3,1,-1,2,-2,2,-1,2,-1,4,2,6,-1,-3,-2,24,1,17,0,15,-2,4,-7,1
-4,20,-3,18,-2,18,-3,17,-5,19,-4,18,-5,18,-1,19,-4,19,-4,17,-3,19,-3,17,-3,17,-1,15,-2,14,10,20,9,17,9,1,-2,23,-4,19,-6,20,-4,13,-1,15,-2,17,-4,18,-5,20,-4,21,-5,20,-11,-36,-5,16,-5,18,-5,17,-5,19,-6,19,-6,19,-5,20,-5,19,-4,18,-4,17,-13,15,-10,15,-14,15,-11,14,-11,12,5,11,-7,14,-3,13,0,15,-5,14,7,20,-5,16,8,16,9,20,-7,21,-4,17,-5,17,-1,16,-2,20,-1,22,0,22,-5,22,-3,25,-4,23,-8,21,-12,23
4,29,3,26,6,25,8,26,9,26,4,22,4,22,9,24,1,23,4,22,3,24,6,26,0,25,5,17,4,17,-3,19,-2,18,-1,1,-1,19,-3,19,-4,18,-7,21,-2,21,-1,18,-5,21,-7,21,-7,22,-5,21,-1,-48,4,23,-1,24,0,23,3,25,2,18,2,17,2,20,2,23,5,24,5,21,-2,19,-1,19,-2,16,0,16,-1,17,5,18,4,21,-5,20,-3,18,-2,17,-1,19,-1,19,-3,18,-3,19,-4,20,-4,20,-5,20,-4,21,-1,20,1,22,6,34,4,33,-2,44,-1,40,-5,20,-11,24
-3,34,-2,34,-1,33,-2,32,-5,31,-4,32,-4,33,-5,35,-4,36,-3,34,-3,33,-2,33,-1,32,0,30,-1,29,-1,33,-1,33,0,17,0,34,-1,34,-1,36,0,33,-2,35,-2,34,-4,36,0,32,2,36,0,35,-9,-39,-2,32,-5,35,-4,33,-4,32,-4,31,-2,31,-3,33,-2,34,-2,32,-4,32,-3,32,-4,31,-3,31,-1,30,-1,28,-2,29,-3,29,-4,34,0,34,-1,32,0,34,1,34,0,31,-3,36,-2,33,-3,34,-3,35,-2,35,-3,33,-2,35,-1,35,-3,33,-2,37,-3,38,-4,36,-8,37
5,54,5,54,6,53,3,53,-1,51,-4,52,-6,54,-9,56,-7,57,-4,55,-3,56,3,53,3,53,5,51,5,50,-2,54,0,53,1,37,0,55,-4,55,-6,56,-8,54,-11,55,-12,54,-11,55,-7,57,-3,57,-2,56,-10,-15,-6,56,-4,56,0,54,2,53,4,53,4,54,3,55,4,53,4,53,2,51,-5,54,-7,54,-9,55,-6,53,-1,49,1,50,2,49,-11,55,-6,56,-5,54,-3,55,0,54,0,54,-1,56,-5,57,-10,56,-11,56,-12,56,-12,55,-11,55,-9,56,-9,55,-9,61,-9,60,-12,58,-13,59
-3,76,0,77,-2,75,-6,73,-13,72,-19,75,-20,74,-24,75,-24,73,-25,71,-25,71,-19,69,3,76,4,75,1,73,8,73,10,71,12,56,14,72,12,69,12,66,8,65,5,68,3,74,-7,77,4,77,8,77,10,77,4,5,-26,67,-3,75,-6,73,-12,71,-10,73,-2,76,2,79,-3,75,-6,74,-8,71,-20,73,-24,74,-25,72,-25,69,-1,69,-20,65,-11,64,-4,74,9,72,4,74,8,75,11,73,12,71,14,71,13,69,9,67,8,70,5,69,0,75,-3,76,-7,79,-13,78,-14,82,-14,82,-11,80,2,71
-5,33,-4,34,-3,32,-4,31,-6,30,-3,32,-2,34,-3,35,-2,36,-2,34,-3,33,-4,33,-7,31,-4,30,-4,29,-1,33,-2,33,-2,17,-3,34,-5,34,-4,36,-2,34,-1,35,1,34,1,36,-2,34,-2,36,-2,35,-11,-38,0,31,-3,35,-3,33,-6,32,-7,31,-7,31,-6,32,-5,33,-5,31,-3,32,-4,32,-2,31,-5,31,-4,29,-4,27,-2,29,-6,29,-2,34,-2,34,-3,32,-3,34,-2,34,-4,31,-2,36,-5,33,-3,34,-2,35,0,36,0,33,1,35,1,35,-1,33,-1,37,-2,38,-3,36,-8,36
-7,54,-3,54,0,53,1,52,-1,51,1,52,1,53,0,55,0,54,1,54,3,53,2,53,-9,52,-6,52,-6,51,-7,54,-9,54,-7,38,-7,56,-10,55,-10,56,-10,55,-9,56,-4,56,1,58,-10,58,-10,57,-11,57,-17,-16,5,53,3,53,1,53,-3,53,-8,53,-10,54,-11,55,-4,54,-2,52,0,51,1,50,0,51,-1,51,0,49,-1,49,1,49,1,48,-9,55,-8,57,-9,54,-9,56,-9,55,-9,54,-8,57,-10,57,-11,57,-10,57,-5,57,-3,59,2,59,4,61,3,59,3,63,0,63,-3,61,-17,58
-19,72,-22,65,-18,65,-15,65,-15,67,-5,73,-1,74,0,76,2,76,1,75,-2,74,-5,73,-25,67,-24,64,-24,62,4,75,-3,75,-9,62,-11,79,-15,79,-11,78,-3,76,1,76,6,76,13,80,6,78,-1,81,-7,81,-19,11,3,76,-3,74,-7,73,-14,69,-20,73,-23,72,-26,72,-25,62,-19,61,-17,62,-4,71,0,72,1,71,2,71,-1,69,-4,69,-8,64,13,71,9,75,6,75,-2,78,-6,79,-12,77,-13,80,-13,81,-6,78,-1,79,5,78,9,80,14,81,17,82,19,81,21,81,22,80,19,76,-13,80
