-5,-16,-6,-16,-6,-16,-5,-16,-6,-16,-6,-16,-5,-16,-5,-16,-5,-15,-5,-16,-7,-16,-6,-16,-5,-16,-5,-16,-6,-15,-6,-16,-8,-14,-6,-15,6,-16,5,-16,6,-17,7,-16,7,-16,6,-17,4,-16,4,-16,3,-16,5,-16,5,-16,5,-16,6,-15,7,-16,7,-15,7,-16,7,-15,7,-15,6,-16,-5,-16,-4,-16,-5,-16,-7,-16,-7,-16,-7,-15,-7,-15,-7,-16,-6,-16,-6,-16,-6,-16,-6,-15,-7,-15,-6,-16,-6,-16,-6,-16,-6,-16,-7,-15,-6,-16,-6,-15,5,-16,4,-16,3,-16,3,-16,4,-17,5,-16,7,-16,7,-15,7,-15,7,-15,7,-15,7,-15,7,-15
0,0,0,0,0,0,0,0,0,0,0,0,0,0,0,0,0,0,0,0,0,0,0,0,0,0,0,0,0,0,0,0,0,0,0,0,0,0,0,0,0,0,0,0,0,0,0,0,0,0,0,0,0,0,0,0,0,0,0,0,0,0,0,0,0,0,0,0,0,0,0,0,0,0,0,0,0,0,0,0,0,0,0,0,0,0,0,0,0,0,0,0,0,0,0,0,0,0,0,0,0,0,0,0,0,0,0,0,0,0,0,0,0,0,0,0,0,0,0,0,0,0,0,0,0,0,0,0,0,0,0,0,0,0,0,0,0,0,0,0
-3,4,-2,3,-2,4,-3,6,6,4,7,2,-3,6,-1,5,-1,4,-2,3,-3,3,-4,3,-4,4,-3,4,-1,5,4,5,6,5,11,5,-4,6,-2,7,-3,7,-2,8,-2,9,-4,7,-5,8,-4,9,-5,9,-2,5,-4,5,-6,5,-7,6,-6,6,-1,7,2,8,3,8,4,8,6,8,-3,3,-3,4,-1,3,-3,4,-2,4,3,5,8,5,7,4,7,4,2,5,0,4,-1,5,-3,4,-3,3,-3,3,-3,3,-3,3,-2,4,0,6,8,5,0,7,-2,7,-4,8,-6,9,-5,7,-5,8,-4,6,2,8,5,8,4,7,5,8,5,8,-4,8
-3,18,-4,18,-4,20,-3,22,4,20,8,18,-3,20,-1,20,0,19,1,19,0,18,-1,17,-1,18,-3,18,-2,20,5,21,5,21,14,19,0,25,0,25,0,24,1,24,3,26,0,26,-5,26,-6,29,-8,26,-9,22,-9,22,-7,22,-6,20,-3,24,1,27,2,26,3,26,4,26,4,26,-1,16,0,17,1,17,-3,17,1,19,7,19,7,19,8,18,4,20,3,20,2,19,2,21,0,18,0,16,1,17,0,15,0,16,0,17,4,20,9,20,0,24,-1,26,-11,26,-14,24,-12,24,-7,25,-1,24,2,25,3,25,2,24,3,26,1,24,-3,26
-4,30,-7,28,-8,34,-6,34,0,31,2,28,-5,31,-7,25,-6,22,-6,21,-8,20,-8,20,-7,21,-5,26,-7,25,-4,24,-5,24,1,22,12,25,10,24,11,23,12,24,13,24,10,25,7,28,4,29,3,29,4,29,2,28,4,31,0,33,9,29,10,28,10,26,11,26,12,24,12,24,-7,21,-6,21,-5,21,-7,23,-6,23,-6,21,-3,21,-3,21,-6,21,-6,22,-7,23,-7,22,-7,20,-7,19,-6,19,-6,19,-6,20,-6,20,-5,24,0,24,11,24,11,26,1,29,1,27,4,26,6,29,9,26,10,25,11,24,11,23,10,24,10,25,7,28
5,4,6,4,5,4,5,5,1,5,-4,6,5,6,6,5,4,6,7,7,5,5,7,6,7,6,7,5,5,5,4,6,2,6,-6,8,1,4,-4,5,-3,5,-5,5,-5,5,0,4,0,5,1,4,0,4,1,4,3,3,3,4,4,4,1,4,-6,4,-7,3,-7,4,-9,3,-9,3,6,6,6,7,5,4,6,4,4,6,3,6,-2,6,-5,6,-3,6,4,5,3,5,5,5,5,6,6,5,7,5,6,4,7,6,6,6,6,6,-3,8,-7,5,-1,6,0,4,3,3,1,2,2,3,-4,4,-7,4,-9,3,-9,3,-9,3,-9,2,-3,5
6,21,5,22,4,23,4,24,3,23,-8,23,5,24,7,25,7,24,6,26,8,22,9,23,9,24,10,23,6,23,5,24,3,25,0,25,2,19,-2,20,-1,20,-2,20,-3,22,0,19,3,17,2,16,-2,15,2,17,4,17,4,18,4,18,-2,19,-9,18,-10,17,-11,18,-15,16,-14,16,12,25,10,24,6,25,6,23,4,24,1,24,0,24,-4,22,2,24,4,23,5,24,8,25,10,25,10,23,11,24,10,23,10,24,8,23,6,25,4,25,-6,21,-1,21,-1,14,6,16,-1,13,2,12,-6,19,-9,19,-11,18,-14,14,-15,15,-13,15,-2,18
-5,36,-6,32,-7,36,-5,36,-7,33,-6,32,-6,31,-6,27,-7,25,-7,23,-8,22,-6,24,-6,25,-3,28,-6,26,-6,26,-7,26,-8,26,9,24,8,23,8,22,8,23,8,23,8,23,8,22,6,23,5,20,4,25,5,27,7,28,6,29,4,26,0,25,-2,23,-1,23,-3,21,-4,20,-5,25,-4,26,-6,24,-5,25,-6,26,-9,24,-9,22,-10,23,-8,23,-7,24,-7,26,-7,25,-6,23,-6,22,-6,22,-5,24,-5,24,-5,24,-6,25,-6,26,6,22,9,25,6,16,7,16,7,14,8,16,4,24,0,23,-2,22,-4,18,-5,20,-3,20,5,21
-2,36,2,35,5,36,-5,38,5,36,6,36,-1,36,1,37,1,38,7,39,6,38,5,38,-1,37,-1,36,0,35,4,37,1,39,6,42,-2,35,-1,39,0,41,2,39,3,42,1,39,0,38,-4,36,-5,34,-5,32,-7,29,-5,32,-4,35,-3,35,-8,36,-2,35,-2,38,-1,40,-1,40,6,32,7,33,7,32,0,32,3,37,-3,39,6,38,6,38,3,38,3,37,0,35,2,39,2,38,1,37,0,36,0,37,-1,35,2,35,7,36,13,36,1,38,2,36,-2,35,-11,35,-5,35,-4,34,-7,34,-4,35,-3,36,-3,38,-2,39,-2,36,-5,37
2,52,10,55,12,53,-7,52,-7,53,-6,53,-4,53,-1,54,5,55,10,55,12,53,14,52,10,51,-1,55,2,51,4,53,2,55,-1,57,-2,55,8,55,8,55,9,55,9,57,7,55,5,58,6,55,5,55,5,55,-12,49,4,54,5,56,3,54,1,51,3,52,-3,53,2,56,3,56,-3,51,0,50,0,50,-2,51,7,56,-9,52,12,56,8,54,-6,52,-6,52,-2,55,3,55,9,56,-6,54,16,56,-6,55,-5,54,-2,53,0,49,2,52,9,55,9,55,7,55,-13,55,6,54,6,55,-3,50,-4,52,-1,53,-11,56,2,54,4,53,3,56
9,65,20,72,23,72,-5,72,-5,72,-2,71,3,69,8,69,14,69,19,70,20,70,23,67,24,65,22,62,17,62,14,65,7,68,0,73,-15,76,8,75,11,73,10,73,7,73,1,70,-11,70,-7,72,-2,75,4,77,-25,71,6,77,4,76,-6,72,-10,72,-8,70,-19,74,4,74,7,72,-4,72,19,63,15,63,7,67,17,71,-3,70,24,73,22,69,-4,72,0,71,5,70,13,70,16,71,0,73,23,69,-6,74,-5,72,23,62,17,62,14,65,11,73,4,72,3,77,-24,71,5,75,1,72,-13,70,-17,73,2,72,4,72,4,72,3,71,-11,71
5,38,5,35,2,36,5,38,3,36,-1,37,2,36,4,37,0,39,1,40,-3,40,0,38,1,38,3,37,2,35,1,38,3,41,0,42,2,35,-5,37,-6,40,-3,38,-1,42,0,37,-1,37,-7,35,-8,33,-10,31,-3,30,-5,31,0,35,-2,34,-13,34,-10,32,-10,35,-10,38,-9,38,10,34,9,34,8,32,4,33,3,37,4,40,-4,39,-5,37,3,39,4,38,3,36,2,40,3,39,3,39,6,37,6,38,1,36,3,35,9,37,3,39,-7,39,0,35,-10,35,-1,35,-4,33,-2,32,-8,32,-9,33,-10,34,-10,36,-13,36,-10,34,-9,36
7,57,10,55,-7,50,13,55,10,54,5,54,2,54,0,56,-5,56,-5,55,-6,55,-4,56,-4,55,-3,56,-2,55,1,56,6,58,14,58,6,52,-10,58,-7,56,-2,56,3,56,5,53,1,55,-5,55,-9,51,-11,50,4,53,2,53,5,55,-1,52,-2,49,-6,52,-4,52,-11,57,-9,56,-4,53,-4,55,-2,53,1,54,-9,49,9,57,-7,56,-7,55,8,57,3,57,-1,57,-5,57,-7,55,-7,55,-5,54,14,55,-5,55,-5,55,-4,55,0,56,3,55,6,52,-8,54,4,54,3,51,1,49,-5,49,-5,51,1,53,2,54,-5,53,-2,50,-3,52
16,72,3,65,-3,68,25,74,-5,73,24,67,21,65,16,64,11,69,7,73,-2,74,-4,75,-5,75,3,73,7,71,10,70,17,74,23,72,2,71,-19,76,-14,69,8,71,4,72,0,69,-8,70,-14,72,-17,70,-21,71,6,76,5,75,3,75,-18,59,-16,65,-18,73,-3,72,-24,75,-21,72,-2,75,3,74,8,71,12,71,4,68,19,74,-6,73,-8,73,-4,73,22,67,16,66,11,70,8,74,0,75,-4,76,26,69,-4,75,0,73,4,73,11,74,9,72,3,71,-18,73,7,77,-24,65,-20,62,-11,68,-5,71,1,72,4,72,3,71,-13,65,-13,68
