-1,-12,1,5,-3,-11,-4,-12,-4,-13,-5,-12,-6,-14
0,0,0,0,0,0,0,0,0,0,0,0,0,0
7,3,5,3,-6,-10,6,4,6,3,6,4,5,-2
13,12,11,13,-13,-2,8,15,9,13,-5,16,-8,0
6,14,4,14,-6,-14,5,24,6,23,-3,-1,-8,1
-7,4,-8,4,-8,-11,-4,3,-4,3,-4,3,2,-9
-10,14,-11,14,-12,-1,-6,17,-6,16,8,10,-9,2
-4,11,-3,13,-3,0,-1,22,-2,19,-2,-3,-6,-17
7,27,4,29,0,11,6,28,-3,25,-2,25,4,10
3,46,3,46,0,26,6,46,-6,43,-6,43,5,27
8,64,9,63,8,42,8,66,-4,58,12,63,11,44
0,28,-1,29,-3,11,-2,27,-2,25,-1,24,-4,10
3,47,1,45,-2,26,-4,45,-5,43,-5,41,-7,25
9,64,-2,55,-5,39,1,67,11,64,12,63,-9,40
