5,-21,7,-15,6,-15,7,-15,8,-14,6,-14,5,-15,5,-15,5,-15,5,-15
0,0,0,0,0,0,0,0,0,0,0,0,0,0,0,0,0,0,0,0
-1,-30,3,5,3,6,4,5,4,6,4,6,4,6,5,7,6,5,6,5
8,-30,3,19,3,20,4,20,7,20,6,19,8,21,9,20,10,17,9,17
-6,-30,4,19,3,18,6,19,7,16,0,18,10,17,6,17,3,15,3,14
12,-36,-7,2,-7,2,-7,1,-8,2,-10,2,-7,2,-7,2,-8,1,-9,1
10,-29,-11,13,-12,13,-13,12,-14,12,-16,12,-12,14,-14,13,-14,11,-14,11
-3,-30,-2,16,-3,15,-4,15,-6,16,-7,16,-3,13,-4,15,-6,12,-4,13
-4,-18,1,31,0,30,0,29,-1,29,-3,30,1,30,0,30,-1,30,0,34
-7,1,6,50,6,49,5,48,4,48,0,50,7,48,4,49,0,50,-5,54
-3,18,6,68,1,67,-2,66,-5,67,-9,67,-2,66,-6,67,-9,67,-13,69
4,-20,-8,30,-8,30,-8,29,-7,28,-8,29,-5,30,-5,29,-6,28,-5,31
7,-1,-8,51,-7,50,-5,47,-1,44,-2,44,-2,46,0,44,-1,42,-6,53
19,-3,-22,64,-26,62,-22,58,-18,56,-16,56,-19,53,-16,53,-12,53,-13,67
