-6,-14,-7,-15,-7,-14,-7,-14,-7,-14,-5,-15,-6,-15,-6,-15,-6,-16,-5,-15,-5,-16,-5,-15,-6,-15,-5,-15,-6,-16,-5,-15,-5,-16,-6,-15,-6,-15,-6,-15,-7,-15,-6,-16,-5,-15,-4,-16,-4,-16,-5,-15,-5,-15,-6,-15,-5,-15,8,-14,7,-15,7,-16,8,-15,7,-15,7,-15,6,-15,7,-16,7,-15,6,-16,7,-16,5,-15,5,-15,4,-16,5,-16,5,-15,4,-15,5,-16,3,-15,5,-15,4,-15,5,-16,4,-15,5,-15,5,-15,7,-16,5,-15,-7,-15,-7,-15,-7,-15,-5,-15,-6,-15,-4,-15,-4,-15,-5,-15,-6,-14,-6,-15,-5,-15,-4,-15,-3,-15,-3,-14,-4,-15,-4,-15,-5,-15,-4,-15,-4,-15,-5,-15,-6,-15,-5,-14,-6,-16,7,-15,9,-15,9,-14,7,-14,7,-14,7,-14,8,-14,7,-15,7,-15,7,-15,7,-15,6,-15,6,-15,4,-15,5,-15,6,-15,6,-14,5,-15,6,-15,5,-15,4,-14,4,-15,5,-15,6,-15,6,-15,5,-15,6,-16,6,-15
0,0,0,0,0,0,0,0,0,0,0,0,0,0,0,0,0,0,0,0,0,0,0,0,0,0,0,0,0,0,0,0,0,0,0,0,0,0,0,0,0,0,0,0,0,0,0,0,0,0,0,0,0,0,0,0,0,0,0,0,0,0,0,0,0,0,0,0,0,0,0,0,0,0,0,0,0,0,0,0,0,0,0,0,0,0,0,0,0,0,0,0,0,0,0,0,0,0,0,0,0,0,0,0,0,0,0,0,0,0,0,0,0,0,0,0,0,0,0,0,0,0,0,0,0,0,0,0,0,0,0,0,0,0,0,0,0,0,0,0,0,0,0,0,0,0,0,0,0,0,0,0,0,0,0,0,0,0,0,0,0,0,0,0,0,0,0,0,0,0,0,0,0,0,0,0,0,0,0,0,0,0,0,0,0,0,0,0,0,0,0,0,0,0,0,0,0,0,0,0,0,0,0,0,0,0,0,0,0,0,0,0,0,0
1,2,1,3,3,3,3,2,4,2,6,2,5,3,5,4,0,3,1,2,0,3,0,3,0,3,0,4,0,3,1,3,1,3,1,2,1,3,2,3,4,3,6,2,6,3,7,3,7,2,7,3,7,3,7,3,6,4,-3,5,-5,3,-5,4,-4,4,-6,4,-6,4,-7,3,-5,4,-4,5,-2,6,-1,6,-2,6,0,5,-1,4,0,2,0,4,0,4,0,4,0,3,0,3,0,3,-1,3,-2,4,-2,5,-2,5,-2,4,-1,6,-1,3,-1,3,-1,3,-1,4,0,2,0,2,1,2,2,2,2,2,1,3,4,3,5,3,6,3,7,3,6,2,6,3,4,3,4,3,2,3,2,3,0,3,1,3,1,3,-3,3,-4,3,-2,4,-1,5,1,5,3,5,3,5,3,5,2,5,2,6,-1,5,-2,5,0,5,0,6,0,3,1,4,0,5,1,4,1,4,1,4,1,5,0,5,0,6,0,4,-1,5,0,6,-1,4,-1,4
3,16,1,17,11,13,12,12,12,14,13,14,12,15,11,16,3,16,3,15,3,15,3,16,2,15,3,16,3,16,2,15,2,15,3,17,3,17,6,16,11,15,14,15,15,15,16,15,16,15,15,16,15,16,15,17,13,19,-15,18,-18,16,-17,15,-17,15,-17,15,-17,15,-17,16,-16,16,-15,20,-13,21,-11,20,-8,22,-3,19,-2,17,0,15,-4,18,-2,18,-1,16,-6,18,-7,17,-7,18,-10,18,-12,18,-13,18,-13,18,-13,17,-13,18,2,15,3,12,3,13,4,14,2,13,2,14,3,14,4,16,6,15,8,14,11,14,12,14,13,15,14,15,14,15,13,15,11,15,10,16,5,15,6,15,2,15,3,15,3,14,-13,17,-14,18,-12,17,0,20,1,17,4,15,4,17,6,16,-15,16,-14,18,-13,20,-12,21,-6,20,-3,19,0,16,1,16,0,18,0,17,1,18,-1,18,-1,17,0,17,-1,19,-3,18,-9,17,-8,17,-11,16,-11,16
-4,21,-6,19,-3,18,-3,19,4,21,5,19,1,18,0,19,-3,21,-4,23,-5,21,-6,20,-6,18,-6,18,-6,17,-6,19,-6,20,-5,23,-4,24,-3,21,0,20,6,20,7,22,8,23,9,22,8,23,8,23,7,22,6,24,-8,32,-11,30,-13,27,-13,27,-12,27,-12,27,-11,28,-9,28,-6,32,-3,33,-1,29,3,28,2,28,2,26,3,23,3,23,2,23,3,24,4,27,4,28,2,30,0,29,-1,29,-2,29,-5,29,-4,28,-4,30,-6,16,-4,16,-6,16,-4,17,-5,17,-5,18,-3,20,-3,22,-1,21,-2,18,-1,17,4,17,4,18,5,18,5,18,3,18,2,18,0,20,-2,21,-2,20,-5,18,-4,18,-4,17,-3,28,-5,30,-6,30,0,27,-4,28,3,17,5,16,5,15,-9,26,-6,30,-5,32,-2,32,4,24,2,27,3,25,3,23,3,24,2,22,4,23,4,24,2,26,3,27,2,29,4,17,-3,27,-1,28,-2,26,-3,26
2,3,1,4,0,3,1,3,-2,4,-3,5,-2,5,-1,5,1,3,2,3,2,3,3,3,2,2,2,3,1,3,2,3,1,3,1,3,0,4,1,3,-1,5,-3,4,-4,4,-4,4,-4,4,-5,4,-5,4,-3,3,-3,4,-1,5,-1,4,0,4,-1,4,2,5,-4,3,-6,4,-3,4,-1,5,-3,4,-3,4,-3,5,-3,4,-3,3,-3,3,-3,4,-4,4,-4,3,-3,3,-3,3,-2,3,-1,3,-1,4,-1,4,-1,4,0,3,-2,4,3,2,2,2,3,2,3,3,1,3,1,2,1,2,1,2,0,2,1,3,-1,4,-3,3,-4,4,-4,4,-3,3,-5,4,-3,3,-1,4,1,3,0,4,2,3,1,4,1,3,-2,3,-1,3,-4,3,-4,4,-5,4,-8,4,-7,4,-7,4,-6,4,-5,5,-3,4,-2,3,-3,4,-3,5,-3,2,-3,4,-4,4,-4,3,-3,4,-4,3,-4,5,-4,4,-3,5,-3,3,-1,3,-3,4,-1,3,-2,3
8,20,6,19,5,20,12,14,-1,20,0,20,1,18,0,18,8,16,8,18,10,17,12,16,12,16,12,16,8,17,8,17,7,18,5,19,4,18,6,18,1,20,-3,18,-4,17,-3,17,-3,16,-4,17,-3,16,-2,16,-2,18,-6,18,-6,15,-3,15,-4,14,-2,15,-17,16,-17,17,-7,14,-5,18,-6,18,-5,17,-6,19,-6,17,-9,15,-10,15,-10,16,-12,16,-11,15,-9,16,-8,17,-6,18,-5,16,-5,17,-4,17,-4,16,-3,14,-4,16,13,14,14,13,14,14,12,15,10,15,8,16,4,15,6,18,5,15,5,18,2,18,-3,15,-4,16,-4,16,-4,15,-7,16,0,17,0,18,5,17,5,16,6,16,6,16,7,15,-5,15,-3,16,-14,16,-7,16,-11,16,-16,15,-14,16,-15,16,-15,16,-14,18,-5,16,-5,16,-5,16,-6,17,-8,14,-9,15,-10,16,-10,15,-8,15,-8,15,-8,16,-7,16,-5,16,-6,16,-4,15,-7,15,-3,14,-6,15
-4,23,-6,21,-6,20,-2,20,-7,20,-7,20,-5,20,-5,21,-3,24,-3,24,-1,24,2,24,2,23,2,23,-4,18,-2,20,-4,21,-4,25,-4,26,-5,24,-5,22,-4,20,0,21,2,22,0,21,-1,22,-3,20,-5,21,-5,24,3,23,3,22,4,20,4,21,6,20,4,20,-11,27,5,19,5,21,5,23,4,22,1,26,-4,28,-2,24,-2,23,-1,23,-3,22,-3,23,-1,26,1,27,0,28,2,21,4,20,4,19,5,19,6,17,6,18,3,21,3,21,3,22,2,20,2,20,-3,19,-1,20,-2,23,1,19,-4,20,-2,20,0,17,-1,17,-1,16,-2,16,-3,17,-8,21,-5,23,-3,22,-2,21,-3,21,-1,21,-2,21,0,22,0,26,-8,28,2,18,-7,27,-10,25,-9,27,-9,26,-8,27,-6,29,5,19,4,20,3,22,-2,26,-2,23,-1,22,-3,24,-2,21,-1,23,-1,23,-2,25,-3,23,2,20,3,17,4,16,3,15,5,15,4,14
1,29,0,29,0,30,0,30,0,29,2,30,6,29,1,29,1,29,3,28,4,28,4,29,3,29,2,31,1,30,1,29,3,29,3,29,4,29,4,29,3,30,6,30,3,30,3,30,4,29,5,31,4,30,4,29,5,31,-2,34,-4,33,-3,33,-2,34,-1,34,-2,34,-1,35,0,33,-1,34,-2,33,-3,33,-6,33,-5,32,-4,33,-4,32,-3,32,-4,32,-3,31,-2,31,-3,30,-3,32,-4,30,-3,32,-2,33,0,36,0,33,0,36,4,28,4,28,2,29,3,28,4,27,4,26,5,28,4,29,3,28,1,29,1,29,1,29,2,30,4,29,6,28,5,28,4,29,5,29,6,28,6,28,5,29,0,30,5,29,-4,31,-3,32,-4,32,-4,30,-3,30,-3,30,-1,33,-1,33,0,33,0,34,-1,34,-3,32,-3,31,-6,32,-4,30,-4,31,-4,32,-3,31,-2,31,-3,29,-2,31,-2,31,-1,31,-2,31,-1,31,0,32,1,33,0,32
-7,46,-9,46,-8,48,-6,47,-5,48,-3,48,-4,48,-5,48,-4,48,-2,48,0,48,5,49,7,49,8,49,8,49,-3,50,2,49,-3,49,-3,49,-3,49,-5,48,3,49,-5,48,-3,48,-2,49,1,50,-1,50,-2,49,-2,50,4,52,5,51,7,51,7,52,6,53,4,55,4,55,6,50,7,51,6,52,5,51,-1,54,-3,52,5,49,-7,52,-8,54,-8,55,-4,53,4,49,4,50,5,51,6,50,8,51,7,52,5,55,5,52,5,54,6,47,8,47,-5,47,9,45,7,47,4,47,1,47,0,48,-3,47,-6,46,-6,47,-5,47,-3,49,-2,48,8,49,0,47,-2,47,-1,48,0,47,4,48,7,48,-6,49,11,48,4,49,5,48,4,49,6,49,7,49,5,49,5,52,4,51,6,52,7,50,7,49,5,50,4,50,-1,52,-2,49,-4,49,-7,52,-7,52,-4,52,2,48,4,49,4,50,6,50,7,49,8,49,7,50,5,50,4,51
5,61,1,63,-4,66,-8,66,-9,67,-7,67,-5,69,-2,67,1,66,6,64,8,66,14,68,16,68,19,67,21,67,-6,70,22,61,-2,70,16,59,12,59,10,64,15,70,-1,69,-4,69,-6,69,-7,69,-5,69,-2,68,2,69,-4,70,-9,69,-2,71,5,74,9,75,11,74,10,74,8,72,5,72,0,71,-4,71,-9,72,-14,72,1,69,-21,73,-23,74,-25,70,-24,66,-20,65,-17,65,-4,69,-8,69,-2,71,2,73,7,74,9,72,8,73,14,64,17,64,-6,65,22,62,23,60,23,59,21,58,16,58,10,58,6,62,2,64,-2,66,-6,66,-7,67,26,63,-5,65,-3,63,2,66,7,62,12,67,15,67,-3,69,22,66,3,66,2,66,-4,65,-6,68,1,70,4,71,9,71,10,69,10,71,7,70,3,69,-2,68,-5,69,-10,69,-12,69,-15,71,-20,72,-22,70,-21,67,-21,64,0,68,-3,68,-7,65,-6,67,-1,69,4,70,7,68,8,67
6,29,6,30,6,30,3,30,4,29,3,30,2,29,3,30,4,29,5,29,5,29,5,29,4,30,3,31,1,31,3,30,2,29,2,29,2,29,3,30,2,30,3,30,3,30,3,30,1,29,-1,30,0,29,1,29,1,31,-1,34,-4,33,-2,33,-2,33,-2,33,-4,34,-3,33,-3,33,-1,34,-3,33,-4,32,-2,32,-2,32,-5,33,-1,32,-1,32,-2,32,-1,31,-4,31,-4,30,-5,32,-5,30,-6,32,-6,33,-6,34,-4,33,-3,34,6,28,5,29,5,29,5,28,4,28,5,27,4,28,4,29,4,28,4,29,4,29,3,29,3,30,3,29,1,28,1,28,1,29,3,29,4,28,3,28,2,29,5,30,1,29,-4,30,-2,32,-5,32,-6,30,-6,30,-8,30,-5,32,-5,33,-3,32,-2,34,-1,33,-3,32,-4,31,-3,31,-1,30,-1,31,-3,32,-2,31,-1,31,-4,29,-4,30,-6,31,-4,31,-5,30,-5,30,-5,31,-6,32,-6,32
4,49,6,50,9,51,9,49,8,50,7,50,-5,49,-1,50,-4,49,-4,49,-5,49,-7,49,-7,49,-5,49,-5,50,7,50,-5,49,-5,50,-5,50,-4,50,-3,50,-6,47,6,53,7,51,6,50,-2,51,-2,50,-3,50,-3,51,2,51,0,51,-3,52,-7,54,-9,54,-10,52,-8,52,-4,50,-1,51,1,51,2,51,5,50,6,50,-7,52,4,49,3,49,3,50,4,50,-2,53,3,49,3,50,-1,51,-4,52,-7,53,-9,53,-9,50,-8,52,-6,45,-6,45,8,46,-3,47,-3,46,-3,47,-4,48,-3,50,-2,48,1,47,6,49,9,48,10,49,10,50,-3,47,-3,47,-3,47,-3,49,-4,49,-6,48,-7,47,10,49,-5,49,-2,48,1,47,-2,48,-1,49,-5,49,-8,49,-8,51,-8,49,-5,48,-3,50,0,50,1,49,2,49,5,50,6,48,6,48,4,49,3,49,4,49,1,48,-1,51,0,48,0,50,-3,49,-5,49,-8,50,-9,50,-10,49
11,68,14,68,17,70,19,67,22,68,24,66,-6,69,22,64,16,61,10,63,10,67,4,68,-2,69,-7,70,-9,70,23,64,-5,70,21,59,2,70,6,70,9,70,5,65,17,72,20,71,22,70,-7,71,22,66,19,63,16,63,-11,66,-9,69,-12,69,-16,71,-19,71,-22,69,-23,66,-22,62,-19,61,-15,61,-11,62,-10,68,-4,68,-17,73,4,69,7,70,6,69,5,71,2,69,0,69,-11,65,-9,69,-12,69,-15,71,-18,70,-19,68,-22,69,5,62,-2,63,19,62,-7,66,-6,65,-3,67,0,67,4,67,9,67,12,67,17,68,20,67,23,67,26,66,-7,65,24,61,21,61,15,59,8,61,8,65,3,66,18,67,-8,69,-18,59,-1,64,-11,62,-9,67,-12,67,-17,67,-19,68,-23,66,-23,62,-23,60,-19,58,-17,58,-11,59,-9,64,-3,65,2,67,4,68,5,67,5,68,2,67,-17,64,-13,63,-9,65,-11,66,-14,66,-17,67,-19,66,-23,66
