-6,-14,-6,-14,-7,-15,-7,-15,-6,-15,-6,-14,-6,-14,-5,-13,-4,-15,-6,-15,-6,-14,6,-14,6,-14,4,-15,6,-14,-7,-14,-7,-13,-7,-14,-7,-13,-7,-14,-5,-15,-5,-14,-7,-14,-7,-14,-6,-14,-6,-14,-5,-14,6,-14,7,-15,7,-14,6,-15,7,-14,8,-14,7,-14,7,-13,7,-14,6,-14,7,-13,6,-14,5,-14,5,-13,7,-14
0,0,0,0,0,0,0,0,0,0,0,0,0,0,0,0,0,0,0,0,0,0,0,0,0,0,0,0,0,0,0,0,0,0,0,0,0,0,0,0,0,0,0,0,0,0,0,0,0,0,0,0,0,0,0,0,0,0,0,0,0,0,0,0,0,0,0,0,0,0,0,0,0,0,0,0,0,0,0,0,0,0,0,0
-3,2,-2,2,-3,3,-2,2,-4,3,-4,3,-3,3,-2,4,-1,2,6,4,-3,3,0,6,-4,4,0,4,-1,4,-5,2,-5,2,-5,2,-4,3,-2,3,-3,3,-3,3,-1,3,-3,3,-3,2,-2,3,-2,4,-5,4,2,3,-6,5,-5,5,-1,5,-1,3,-3,3,0,4,-5,3,-5,4,-3,5,-5,4,-3,2,-6,4,-3,4
-2,11,-2,14,-3,12,-1,13,-2,13,-4,14,-3,13,0,13,1,12,8,14,-4,14,-11,16,-9,16,4,17,-7,18,-7,11,-4,12,-4,11,-3,11,4,14,-1,13,-1,13,0,12,-1,12,-1,11,-1,11,-3,14,-13,14,-11,13,-12,15,-8,19,-3,17,-4,16,-6,15,-3,17,-5,16,-10,15,-9,15,-8,17,-8,16,-6,18,-6,17
-6,13,-4,26,-7,13,-6,13,-7,14,-7,15,-7,15,-5,17,-5,15,5,23,-6,15,-5,30,-4,30,-2,28,2,26,-10,13,-9,14,-8,14,-8,16,-5,15,-5,17,-6,18,-6,13,-7,13,-7,13,-6,14,-5,19,-5,22,-5,23,-10,29,0,27,8,18,8,18,6,18,8,20,7,20,-3,23,0,22,0,25,-1,25,3,25,4,25
4,1,4,3,6,3,4,1,5,2,4,2,3,2,3,2,4,3,-3,3,5,3,-5,4,-4,4,-3,3,-1,3,7,3,6,3,6,3,6,5,4,3,5,1,4,2,5,5,6,5,6,4,5,3,4,2,-5,4,-5,3,2,3,3,3,-5,2,-5,2,-3,3,-4,4,0,3,0,4,1,3,2,3,1,3,-1,4,-2,3
7,14,6,16,6,17,5,15,5,15,5,16,5,14,6,15,7,16,-5,15,8,16,-11,15,-11,15,-7,14,-6,14,10,14,10,15,9,14,8,17,4,17,4,14,5,16,5,17,6,16,7,15,7,16,7,16,2,12,-12,14,1,11,1,13,-6,14,-7,13,-7,14,-6,15,-3,14,-1,13,-1,12,0,15,0,15,-4,16,-4,15
-3,16,-5,22,-6,15,-6,15,-6,16,-6,16,-6,16,-5,19,-3,19,-4,16,-3,18,-9,27,-8,26,0,-2,0,22,-1,18,-2,18,-3,19,-3,20,-6,16,-6,17,-5,20,-5,15,-6,15,-5,16,-4,16,-4,20,7,13,-5,22,6,13,6,15,3,17,3,16,3,16,3,19,4,18,4,15,5,15,0,21,-3,25,-2,24,0,22
0,25,-3,26,8,32,7,31,7,31,5,26,-3,25,1,24,2,24,9,26,1,28,-4,28,-3,30,-6,23,-8,24,8,28,-2,29,-3,24,-2,26,4,31,5,25,3,23,6,28,6,29,5,28,-1,29,-1,27,-7,30,-4,31,-3,30,-7,28,-7,27,-3,32,-1,33,-1,31,-2,27,-7,30,-3,29,-5,28,-9,26,-10,26,-7,27
8,42,-5,44,11,47,12,47,13,47,11,46,-5,42,-5,42,-2,41,13,45,-3,44,4,44,3,45,3,43,1,44,12,45,-4,44,-4,41,7,43,7,44,8,44,8,45,9,44,12,44,13,43,-3,45,-4,43,-8,45,4,45,3,45,3,45,-9,45,2,45,2,49,2,46,2,44,2,45,3,45,1,45,-13,44,-12,45,-9,45
23,50,1,60,20,62,22,62,25,60,26,58,-5,60,0,59,4,58,24,59,-6,62,0,64,4,64,-3,60,-20,48,21,58,-7,62,-7,60,22,50,18,59,25,56,24,53,18,60,23,57,26,55,-3,62,1,60,-17,61,3,63,6,63,6,63,-19,62,1,62,5,63,5,63,2,63,-5,63,1,65,3,65,-28,57,-28,55,-28,51
2,26,4,25,0,32,-1,32,-1,32,-1,26,1,25,3,25,3,24,1,27,8,26,-10,28,-10,29,-10,22,-5,24,1,29,6,29,6,24,2,26,0,31,2,26,2,23,2,29,0,31,2,29,5,28,5,25,-1,30,-8,30,-1,29,-4,28,-4,27,-9,31,-8,32,-7,30,-7,26,-9,29,-10,29,-8,27,-3,27,-4,27,-4,27
-5,44,4,43,-5,44,-5,45,-4,45,-4,43,8,46,7,45,-2,42,-3,45,11,43,-12,46,-14,47,-12,44,1,43,-5,44,12,44,10,42,-6,43,-6,42,-4,42,-6,41,-4,45,-3,47,-2,46,11,44,10,44,5,45,4,45,-9,43,-9,44,2,42,-11,47,-12,47,-9,45,-9,45,-11,45,-13,46,-15,46,1,44,3,44,4,44
-3,62,22,49,1,60,-4,62,-6,62,-7,62,26,55,24,53,22,52,-6,63,26,56,-20,60,-22,60,-26,49,-6,60,-5,63,22,56,23,52,-4,60,-1,60,-7,60,-4,59,3,64,-6,65,-5,63,26,53,25,50,-1,63,3,62,-21,56,-23,55,-5,60,-21,62,-23,60,-25,59,-26,57,-20,60,-22,61,-25,59,4,63,2,63,-1,61
