-3,-16,-4,-16,-3,-15,-4,-15,-4,-15,-3,-16,-4,-16,-4,-15,-4,-15,-5,-15,-4,-16,-4,-16,-3,-16,-4,-15,-3,-16,-3,-16,-3,-15,-5,-15,-4,-15,-4,-15,4,-15,4,-16,4,-15,4,-15,4,-16,4,-15,4,-15,5,-16,4,-15,6,-16,5,-15,6,-15,5,-15,5,-16,5,-16,-4,-16,-4,-16,-3,-16,-4,-16,-3,-15,-4,-15,-3,-15,-4,-16,-5,-15,-4,-16,-4,-15,-3,-16,-3,-16,-3,-16,-3,-16,4,-15,4,-15,5,-14,4,-15,4,-15,4,-15,3,-16,5,-16,4,-15,4,-15,4,-16,4,-16,4,-16,4,-15,6,-15,5,-15,6,-16
0,0,0,0,0,0,0,0,0,0,0,0,0,0,0,0,0,0,0,0,0,0,0,0,0,0,0,0,0,0,0,0,0,0,0,0,0,0,0,0,0,0,0,0,0,0,0,0,0,0,0,0,0,0,0,0,0,0,0,0,0,0,0,0,0,0,0,0,0,0,0,0,0,0,0,0,0,0,0,0,0,0,0,0,0,0,0,0,0,0,0,0,0,0,0,0,0,0,0,0,0,0,0,0,0,0,0,0,0,0,0,0,0,0,0,0,0,0,0,0,0,0,0,0,0,0,0,0,0,0,0,0,0,0
-1,5,1,5,2,6,2,5,2,5,2,5,1,6,0,4,0,3,0,4,0,3,0,4,2,5,0,4,1,4,1,5,1,6,2,5,0,5,3,5,-1,5,-3,4,-2,5,-2,5,-3,4,-4,6,-4,4,-3,5,-3,5,-2,6,-4,6,-3,3,-1,6,-2,5,-2,3,-1,5,0,4,1,5,-1,5,2,6,1,4,0,4,1,5,0,5,-1,5,-1,5,0,5,-1,5,1,5,1,4,-2,5,-2,5,-2,5,-1,5,-2,4,-2,4,-2,4,-3,4,-3,5,-3,5,-3,5,-3,5,-2,5,-2,6,-2,5,-3,3,0,4
-2,17,1,17,8,16,7,15,7,16,7,15,-1,16,-2,14,-3,11,1,16,2,15,2,16,4,18,1,16,0,16,1,17,-1,14,7,16,0,18,7,15,-7,15,-7,15,-3,18,0,19,-9,17,-9,17,-10,17,-10,16,-9,17,-4,18,-6,18,-8,14,0,20,-7,15,-7,15,-3,14,1,15,4,17,0,16,7,16,6,15,-2,13,3,17,1,17,-1,15,1,15,1,16,1,15,2,16,2,16,-4,19,-4,18,-7,15,-8,15,-6,15,-2,18,-1,18,-9,16,-10,17,-10,16,-10,16,-9,17,-7,17,-3,19,-5,18,-9,14,-9,14
-8,14,-7,14,-6,16,-7,16,-7,16,-7,15,-7,15,-7,15,-6,12,-6,13,-5,12,-6,13,-5,14,-6,14,-6,14,-6,14,-7,15,-7,15,-8,14,-2,15,6,15,5,15,6,16,7,16,3,15,3,16,2,16,2,16,4,16,6,16,5,17,6,16,6,16,6,17,5,17,-8,14,-7,13,-6,15,-8,14,-2,17,-7,15,-7,14,-5,13,-5,15,-5,13,-5,14,-5,14,-5,14,-4,16,-2,24,5,15,5,15,6,15,6,15,6,16,6,15,6,17,3,16,3,17,2,17,3,16,3,16,2,17,5,16,5,18,4,17,6,16
3,6,1,6,1,7,1,6,0,6,0,7,1,6,2,5,2,5,2,5,2,4,2,4,3,5,2,5,2,5,1,6,3,7,0,7,3,5,-1,6,-1,5,-1,4,-2,5,-1,4,0,2,1,3,1,2,2,2,1,3,-1,4,-1,5,0,3,-3,4,0,4,0,3,2,7,2,5,3,5,2,5,1,6,0,6,1,6,2,5,2,6,3,5,3,6,3,5,3,5,3,5,1,5,-1,4,-1,4,-1,5,-2,4,-1,4,-1,4,-2,4,0,2,1,3,1,3,1,2,0,3,-1,3,0,4,0,4,1,3,-3,3
3,20,1,20,1,21,7,16,7,16,0,20,6,15,2,18,3,19,3,19,5,17,5,18,5,19,3,18,3,18,2,18,6,16,-1,20,8,16,-2,18,-6,15,-5,15,-3,17,-2,17,-2,12,-1,13,0,11,0,12,0,12,-3,14,-4,16,-3,15,-8,15,-3,15,-4,14,2,19,4,19,7,17,7,15,1,19,5,16,3,16,6,18,7,19,7,18,8,18,8,18,7,18,7,19,-3,16,-4,15,-5,16,-6,16,-7,15,-6,15,-3,16,-3,17,-2,12,-1,13,-1,12,-1,12,-2,12,-1,12,0,13,-3,14,-1,13,-8,14
-8,15,-8,16,-7,17,-7,17,-7,17,-6,17,-6,16,-7,17,-6,15,-6,16,-5,16,-6,16,-4,16,-6,17,-5,16,-6,15,-5,16,-8,17,-8,16,-9,16,3,17,3,16,4,15,5,15,6,12,7,12,6,12,7,12,7,12,5,13,4,15,6,14,3,15,5,15,4,15,-7,16,-7,15,-6,16,-7,16,-6,17,-3,17,-5,16,-5,15,-4,17,-4,16,-3,17,-3,17,-4,16,-4,18,-1,-2,4,14,4,16,5,15,3,15,3,16,4,15,-2,30,6,13,6,14,7,13,7,13,6,12,6,12,6,13,6,14,6,15,3,14
-3,30,-2,30,-2,31,2,31,1,31,1,29,1,29,0,27,0,28,-2,31,3,31,3,32,3,33,1,29,2,28,2,29,2,30,0,31,0,31,2,33,-4,34,-3,33,-2,35,-2,31,-3,30,-3,33,-2,33,-2,32,0,33,-4,32,-4,33,0,33,0,33,-2,34,1,32,-3,31,0,29,-1,32,0,31,1,33,1,30,2,29,-1,31,-2,32,-2,31,1,33,2,32,3,31,-2,30,3,28,-5,32,-4,32,0,33,0,32,1,33,0,32,-3,30,-4,30,-4,32,-2,33,-2,31,-1,31,-2,30,-3,28,-5,31,-2,30,-4,33
-8,46,-8,47,-7,51,7,51,6,52,4,51,-1,49,-6,48,-8,48,-8,48,9,51,10,51,9,50,8,49,6,48,4,48,-1,49,-3,48,-6,48,6,52,-10,51,6,48,5,50,-4,51,5,48,6,50,4,50,4,49,5,51,-6,49,-10,53,6,50,5,50,6,50,5,49,-9,46,-7,47,-6,50,8,50,8,52,4,51,2,51,-9,48,-8,49,-8,51,-7,52,9,50,7,49,-9,48,0,48,-9,51,-11,51,6,49,6,49,6,49,6,49,-3,50,6,48,5,49,4,51,4,50,4,49,4,48,4,48,-4,48,-8,49,-10,51
0,66,-6,68,-9,70,21,69,21,67,-7,68,19,62,0,66,12,67,-3,71,18,67,19,66,21,65,21,62,22,60,19,60,12,61,4,66,-2,68,17,69,-23,65,7,70,4,70,-21,61,-5,69,1,70,5,70,8,69,9,71,-17,67,-20,69,6,69,8,69,7,71,5,69,1,65,-4,68,-8,69,23,67,24,67,23,64,20,62,2,66,-4,71,-9,70,-12,70,24,64,24,61,-6,68,19,59,-19,67,-22,66,7,69,7,69,6,70,3,69,-22,60,-3,68,3,70,9,69,8,69,5,69,1,68,-3,68,-15,65,-1,67,-22,68
3,30,1,31,0,32,-1,32,-2,32,-1,30,-1,29,0,28,3,29,3,31,-2,31,-3,33,-2,33,-2,30,-1,29,-2,29,0,30,0,32,0,32,-3,34,1,33,0,32,1,34,0,30,-4,29,-2,32,-3,32,-1,31,-2,32,-1,31,0,33,-4,32,-5,32,-1,33,-4,32,2,32,1,30,1,32,-1,31,-2,33,-2,30,-1,29,4,31,4,32,4,31,0,33,0,32,-2,32,1,30,-1,28,-1,31,-1,31,-5,32,-6,31,-4,32,-4,31,0,31,-4,29,-3,30,-2,33,-3,30,-3,29,-4,29,-3,28,-1,31,-6,29,-2,32
3,51,5,52,7,52,-7,50,-7,51,-7,50,-8,46,-6,49,-8,48,6,51,-7,52,-7,53,-7,52,-7,51,-8,48,-8,49,-3,50,-5,48,-6,48,-6,52,6,50,-9,50,-7,52,6,49,-6,49,-8,51,-11,50,4,50,-9,50,6,46,6,49,-11,52,-11,52,-9,51,-7,51,3,52,-7,47,9,51,-7,49,-7,53,-8,50,-9,48,4,51,7,52,9,50,-8,51,-8,51,-9,50,4,49,-9,47,8,46,7,46,-11,51,-11,51,-8,51,-6,51,4,49,-7,49,-10,50,-13,50,-11,48,-9,48,-6,48,-3,48,6,47,6,46,6,47
15,69,17,69,20,70,-10,69,-10,70,21,64,-3,67,15,62,3,67,15,68,-7,72,-11,71,-10,71,-10,70,-6,68,-2,67,6,68,12,69,-2,69,-7,70,7,70,-25,63,4,70,0,68,-16,66,-19,68,-21,67,8,70,-24,63,-2,67,3,69,7,69,-25,67,7,71,-25,62,14,69,-4,68,21,68,-11,69,-11,71,-9,70,-4,69,14,68,17,69,20,67,-12,70,-12,70,-11,68,23,60,-3,67,0,65,4,68,-24,66,-26,65,-25,62,-23,61,-3,67,-18,66,-22,66,-25,62,-26,60,-27,58,-24,57,-21,57,-6,63,-1,66,4,69
