7,-15,5,-15,8,-15,7,-15,8,-15,7,-16,6,-16,6,-15,6,-16,6,-15,6,-16,7,-15,6,-16,5,-16,5,-16,3,-15,4,-16,4,-16,4,-16,3,-16,4,-15,3,-16,4,-16,4,-16,-5,-15,-4,-16,-3,-16,-3,-15,-4,-17,-5,-15,-5,-15,-6,-15,-6,-15,-7,-15,-7,-14,-6,-15,-5,-16,-6,-16,-4,-16,-6,-16,-5,-16,-4,-15,-3,-15,-2,-15,-2,-16,-2,-16,-1,-17,-2,-16,-1,-16,-1,-16,-3,-16,-5,-15,-5,-15,-3,-15,9,-15,9,-14,8,-14,8,-15,10,-14,10,-14,7,-16,7,-15,8,-15,6,-16,7,-15,6,-15,5,-15,5,-16,4,-17,5,-16,4,-16,5,-16,5,-16,4,-16,4,-16,4,-16,3,-16,4,-16,3,-16,-5,-16,-5,-15,-5,-15,-5,-15,-6,-15,-7,-15,-6,-14,-7,-14,-6,-14,-5,-15,-6,-15,-4,-16,-5,-15,-4,-15,-3,-15,-2,-16,-1,-15,0,-16,0,-16,-1,-16,0,-16,0,-15,-2,-16,-2,-15,-1,-16,-3,-15,-3,-15,-3,-16,-3,-16,-3,-15
0,0,0,0,0,0,0,0,0,0,0,0,0,0,0,0,0,0,0,0,0,0,0,0,0,0,0,0,0,0,0,0,0,0,0,0,0,0,0,0,0,0,0,0,0,0,0,0,0,0,0,0,0,0,0,0,0,0,0,0,0,0,0,0,0,0,0,0,0,0,0,0,0,0,0,0,0,0,0,0,0,0,0,0,0,0,0,0,0,0,0,0,0,0,0,0,0,0,0,0,0,0,0,0,0,0,0,0,0,0,0,0,0,0,0,0,0,0,0,0,0,0,0,0,0,0,0,0,0,0,0,0,0,0,0,0,0,0,0,0,0,0,0,0,0,0,0,0,0,0,0,0,0,0,0,0,0,0,0,0,0,0,0,0,0,0,0,0,0,0,0,0,0,0,0,0,0,0,0,0,0,0,0,0,0,0,0,0,0,0,0,0,0,0,0,0,0,0,0,0,0,0,0,0,0,0,0,0,0,0,0,0,0,0,0,0,0,0
-2,2,-3,2,-4,2,-5,2,-4,3,-2,3,-2,3,-1,4,0,4,-1,4,-1,4,1,4,0,3,0,4,1,3,-2,3,-2,4,-1,5,-1,4,1,3,-1,3,0,4,-2,3,-2,3,1,3,2,6,2,3,3,3,3,2,3,2,1,3,3,3,2,3,3,3,2,4,2,4,1,5,0,4,0,6,1,4,1,2,2,4,2,4,1,4,1,5,2,5,5,4,6,5,7,4,6,4,4,4,3,5,2,3,2,4,-5,1,1,4,-1,3,-3,1,-4,1,-4,1,0,4,-1,4,-1,4,0,3,0,4,0,3,0,2,1,4,0,3,0,4,0,3,-1,4,-1,4,-2,4,-3,4,-2,3,-3,3,-2,4,-1,4,1,5,3,3,5,3,4,3,2,3,2,2,1,3,1,2,2,3,2,4,0,3,0,4,0,5,0,5,2,3,1,5,1,5,2,4,1,4,-4,6,5,4,5,4,-6,4,2,3,-3,5,3,5,3,4,2,3,2,3,2,3
0,16,-5,15,-19,9,-19,9,-18,11,-18,12,-16,15,-1,17,2,18,-6,14,-4,15,0,17,-1,16,-12,11,2,14,-11,15,-8,17,1,19,-8,15,1,16,-11,14,1,15,-10,14,-12,13,2,16,2,16,10,11,8,13,10,11,8,12,-1,14,6,16,3,15,3,14,3,17,1,16,2,16,1,16,1,16,1,14,1,15,2,17,5,16,2,18,10,15,-5,20,12,15,10,15,11,16,12,15,8,17,6,18,1,16,2,17,-18,10,2,18,2,17,4,17,-1,16,-18,7,-3,15,-6,17,-6,16,-4,16,-3,16,0,16,-6,16,0,17,1,17,1,16,-9,14,-9,14,1,16,-12,13,-13,13,-13,13,-12,13,-9,16,-1,17,1,17,7,12,8,13,7,13,5,15,4,15,1,14,2,14,4,17,3,16,4,15,2,16,1,16,0,14,0,13,0,17,0,18,8,16,10,15,-7,20,10,15,9,15,-9,15,5,15,9,16,6,19,3,16,3,16,2,15,3,17
6,23,-9,24,-13,21,-13,21,-11,23,-10,24,-6,26,0,25,4,24,1,19,2,18,4,18,4,16,1,15,4,15,3,18,2,21,3,29,0,24,2,26,4,15,0,23,4,17,-3,21,-6,16,-7,14,5,11,-5,13,5,11,5,12,-5,15,-4,18,-3,20,-5,18,-7,18,-8,16,-7,15,-7,15,-7,15,-7,14,-6,16,-5,20,-5,19,-7,19,-6,17,-9,15,3,18,1,18,3,18,4,17,2,20,-6,19,-6,19,-6,19,-12,24,5,23,6,22,-9,23,5,20,-15,23,1,20,3,19,-4,28,3,15,3,16,3,15,2,16,1,29,6,25,4,25,3,19,2,18,1,18,-3,20,-3,20,-2,20,-2,20,1,23,4,26,-5,14,5,32,9,27,-1,12,5,27,2,25,-4,19,-3,21,-5,19,-6,17,-6,14,-6,15,-7,15,-7,14,-7,16,0,-1,-8,18,-6,16,1,17,-11,15,2,18,3,19,-7,18,2,24,-6,21,3,27,-6,19,1,27,-5,19,4,28
-2,2,-2,3,0,3,0,3,2,4,-1,2,0,3,-3,3,-4,4,-3,3,-4,3,-3,4,-3,3,-3,3,-3,3,-2,4,-2,4,-1,5,-1,4,-2,4,0,4,-4,4,-2,4,0,4,1,3,0,6,1,4,-1,6,-2,6,-1,4,2,2,1,3,1,3,2,3,2,4,1,4,2,5,1,4,2,5,1,3,1,3,1,5,1,4,2,4,2,4,-1,5,-3,6,-5,6,-5,6,-4,5,-3,4,-1,5,0,4,1,5,2,4,0,4,-3,3,-1,2,-1,3,-1,4,-4,3,-5,3,-4,4,-4,4,-3,4,-3,3,-3,4,-2,4,-2,4,-3,4,-1,4,-1,5,-2,4,-2,4,1,4,0,3,0,4,-1,4,-3,4,3,5,-1,6,-2,8,0,6,1,3,0,2,2,3,1,3,2,4,1,5,2,3,2,3,3,3,3,3,1,5,0,5,1,5,0,4,-1,5,5,4,-5,6,-6,5,5,2,-2,4,4,3,-2,5,0,4,0,4,0,4,0,4
0,15,-2,17,1,12,-1,11,-3,12,-5,13,-2,15,-12,17,-10,17,-9,13,-10,12,-7,14,-10,12,-12,11,-11,12,-8,16,-7,16,0,18,-7,15,-7,15,-6,15,-12,13,-10,14,-1,14,1,20,2,17,10,11,-3,16,-3,16,-5,13,9,14,2,18,2,17,3,17,4,18,4,17,9,15,6,15,7,15,3,13,1,17,2,18,4,18,9,17,10,15,11,15,-7,18,-9,18,-8,18,-8,18,-5,18,-1,19,-1,18,-1,20,-3,15,2,17,3,18,2,16,2,15,-5,16,-9,12,-9,14,-9,13,-10,12,-10,13,-9,15,-8,16,-4,17,-4,16,-6,15,-8,15,-9,14,-11,13,-12,13,-3,13,0,13,0,14,-8,16,-6,17,3,19,-2,14,-2,15,-1,15,1,14,-2,15,2,14,3,16,4,19,4,17,9,15,10,15,10,15,10,14,-2,15,1,20,5,17,7,16,-5,19,8,16,-9,18,-10,18,8,13,-10,17,8,15,-4,19,-2,18,-2,17,-1,17,0,18
4,19,16,19,4,17,3,16,-1,21,-3,22,0,23,-3,25,-5,26,-2,19,-3,19,-1,19,-2,18,-3,17,-2,17,1,19,2,20,0,29,4,17,-3,23,3,16,-3,20,3,18,3,19,-4,17,-6,14,-2,13,-4,13,0,12,-3,12,-1,16,-3,18,-2,21,-5,19,-7,19,-7,17,-2,16,-6,15,-4,15,-5,14,-4,16,-3,19,-6,20,-3,18,-2,17,-8,15,-1,18,-3,18,-2,18,-2,18,-7,19,-7,19,1,30,-8,19,-5,24,10,20,11,20,11,20,11,18,-5,25,-4,21,-2,19,-6,26,-2,16,-3,19,-2,20,0,17,-4,30,0,27,-1,23,1,19,2,19,-2,19,-2,20,2,17,2,19,2,19,1,22,-1,26,-4,15,-2,13,1,27,-2,12,-1,22,-2,22,-2,20,-1,22,-6,20,-6,17,-3,15,-3,16,-4,16,-4,16,-4,16,-7,20,-6,18,-6,17,-9,15,-8,15,-1,17,-3,19,-2,17,-2,20,0,21,-3,28,-4,30,-2,28,2,26,1,27
1,27,-9,28,-8,31,-9,30,-7,30,-6,31,-7,30,-6,30,-5,31,-8,33,-8,34,-7,34,-6,33,-5,34,-3,33,-4,34,-3,32,-3,31,-2,34,-1,33,-2,34,-2,34,-2,34,-4,31,-2,35,7,34,0,34,8,35,6,33,5,33,2,34,4,32,5,30,6,29,4,32,5,32,3,32,-1,31,0,31,0,33,-2,31,0,32,3,32,3,33,-2,34,-3,34,-1,33,-1,34,8,33,6,32,1,31,2,31,0,35,0,36,-8,30,-7,30,2,31,-4,28,4,29,-8,28,-12,32,-12,33,-10,33,-9,34,-7,34,-5,35,-5,32,-3,32,-4,30,-1,30,-2,34,-1,35,-3,34,-1,36,-1,35,-2,33,-3,32,-1,31,-3,30,0,34,0,35,0,34,8,34,6,34,3,34,-1,34,1,32,3,30,4,32,4,30,3,32,-2,32,-2,31,-2,31,-3,29,1,32,1,31,-1,34,2,34,3,30,6,31,5,33,0,29,-1,31,1,32,3,31,3,35,2,34,3,35
5,44,-6,50,-4,52,-5,52,-4,53,-5,53,-4,52,-4,53,-6,52,-11,53,-13,54,-13,55,-12,54,-11,53,-7,52,-4,53,-1,50,0,51,3,52,2,51,2,53,0,52,0,52,0,50,-9,49,9,53,-5,51,12,53,12,51,11,51,-2,52,1,50,1,50,2,49,1,52,4,52,7,52,7,51,6,50,2,51,-3,50,-3,51,-3,50,3,52,-7,51,-7,51,-5,53,-6,54,15,51,15,50,-3,51,-4,51,-2,51,1,55,-4,51,-2,52,1,51,-3,48,10,48,-4,49,-14,52,-16,54,-16,54,-15,54,-12,54,-10,55,-4,53,0,51,0,52,2,52,3,53,5,52,3,52,2,54,2,53,2,51,1,51,1,51,-1,51,-6,49,-5,50,-5,52,12,51,13,52,-2,51,-3,51,1,51,0,50,2,51,5,52,7,51,-6,53,-6,52,-6,49,-5,50,3,52,-7,51,-7,51,5,54,10,50,12,50,10,49,10,48,-3,51,-3,51,-2,50,1,53,1,53,5,52
-11,61,-14,71,-3,73,-2,74,0,74,-4,73,-8,72,-10,72,-14,71,-21,72,-24,73,-25,72,-26,70,-27,68,-25,65,-24,65,-22,66,-15,67,-6,71,1,73,3,75,3,73,4,73,2,71,-3,67,16,70,-9,69,23,69,24,67,23,66,-4,69,9,66,12,66,20,65,9,70,12,70,17,69,-10,73,22,68,21,66,18,62,16,64,12,65,16,67,4,69,1,71,-5,72,-11,71,26,70,26,69,2,68,8,70,9,69,7,70,-9,72,-4,73,1,72,-1,69,10,67,-2,70,-20,73,-26,73,-27,74,-28,72,-27,70,-27,68,-25,67,-22,66,-17,66,-12,70,-7,71,3,72,7,72,6,73,7,73,4,72,0,70,-2,70,-7,69,-4,67,-7,69,-9,69,25,65,25,66,-4,69,0,69,13,64,9,68,10,70,14,69,17,69,-9,73,-11,73,-6,71,10,63,15,66,4,70,5,71,11,72,24,69,27,69,21,68,18,68,2,66,6,70,6,68,5,70,-1,72,11,70
4,27,-11,27,-10,31,-7,30,-6,30,-7,30,-6,30,-7,30,-10,30,-4,33,-4,33,-3,34,-3,33,-3,33,-3,33,-4,34,-5,31,-3,31,-7,33,-9,32,-8,33,-10,33,-8,32,-7,31,4,35,0,34,6,34,0,35,-1,33,-3,33,-2,34,-1,32,0,30,1,30,0,32,0,32,1,32,0,31,0,32,-3,33,-3,31,-3,32,-3,32,-2,33,0,34,0,34,0,34,-2,35,-1,35,-2,34,-5,31,-2,32,-5,34,-4,35,-3,30,-11,30,-3,30,-1,28,3,30,-7,28,-7,31,-7,32,-6,33,-5,34,-4,33,-3,34,-4,32,-5,32,-4,30,-6,30,-7,34,-8,35,-8,34,-8,34,-7,34,-6,32,-5,32,-3,30,-5,30,7,36,7,36,7,35,0,33,-2,34,-3,33,1,34,-1,32,0,31,1,32,1,31,1,32,1,32,0,31,-3,31,-2,30,-3,32,-2,31,-2,34,-2,35,-3,32,-3,33,-3,34,-5,30,-1,31,-3,32,-2,32,-4,34,-3,34,-3,35
8,44,-7,49,-7,51,-6,51,-6,52,-9,50,-6,50,-6,51,-7,50,0,50,0,50,0,51,0,52,0,52,1,51,0,50,-1,49,0,50,-8,52,-11,52,-12,51,-15,51,-14,50,-12,49,4,53,-7,51,11,52,-6,53,-6,52,-6,53,-5,52,-5,51,-4,52,-5,52,-8,52,-9,50,-7,51,-7,53,-6,51,-7,51,-9,52,-7,53,-7,52,-6,53,0,53,2,54,5,55,4,55,5,53,3,52,-8,53,-9,53,-8,52,-9,55,1,50,-5,51,-5,51,-3,47,-3,48,-3,49,-1,49,-2,50,-1,50,-2,53,0,52,0,53,0,51,-1,50,0,51,-3,50,-8,53,-10,53,-12,52,-12,52,-12,51,-10,50,-8,50,-4,50,-4,49,7,52,11,53,13,53,-5,52,-5,53,-6,51,-3,52,-3,52,-4,53,-7,51,-8,51,-7,51,7,52,7,50,-8,51,-7,52,-6,52,-5,51,2,55,2,55,0,52,-2,51,-2,51,-4,50,-5,53,-7,52,-10,51,-10,52,-11,52,-7,52
5,56,-11,71,-6,71,-2,72,-1,72,-4,71,-7,71,-26,59,-22,60,-12,68,-6,70,0,71,3,71,3,71,2,69,-2,69,-5,69,-8,68,-15,70,-19,70,-21,70,-26,70,-26,68,-27,64,12,70,-7,69,20,69,-10,70,-9,69,-8,70,-4,70,-1,70,3,69,9,69,4,72,-2,72,-6,74,-11,72,-11,72,-10,72,-5,71,-1,72,1,72,6,72,7,72,11,73,14,73,15,73,18,72,19,71,13,69,10,71,3,71,-1,73,-3,69,-6,72,-3,72,-2,68,-1,69,-2,69,-13,68,-7,70,-1,73,1,71,3,72,0,72,-2,71,-5,70,-9,70,-12,69,-16,70,-19,71,-23,71,-25,70,-26,68,-26,62,-27,60,-26,60,-23,59,16,68,20,69,23,68,-8,69,-8,71,-5,70,1,69,3,69,12,68,7,70,2,72,-4,73,21,70,22,69,-6,71,0,71,4,72,7,73,11,73,13,72,14,72,16,73,16,68,2,69,14,68,6,71,2,70,-3,72,-12,72,-8,70
