-8,-15,8,-16,7,-15,8,-15,-7,-14,-6,-14,-7,-15,-5,-15,-5,-15,-6,-15,7,-15,5,-16
0,0,0,0,0,0,0,0,0,0,0,0,0,0,0,0,0,0,0,0,0,0,0,0
5,2,1,6,1,6,1,6,6,4,6,3,5,3,1,4,1,4,1,3,1,6,-1,4
11,13,-3,20,-1,17,-1,18,13,13,12,14,10,13,5,14,4,15,3,15,-1,17,-3,15
4,20,2,23,1,22,0,22,6,16,6,17,4,17,0,20,-2,20,-1,22,-1,23,-4,25
-2,5,-6,2,-7,2,-7,2,-2,6,-2,5,-3,5,1,4,1,5,2,4,-6,1,-2,3
-2,16,-12,12,-13,13,-12,12,0,16,-2,15,-3,15,8,16,6,18,6,17,-11,12,-7,14
-3,20,-5,16,-5,17,-5,17,1,19,2,17,0,18,0,21,0,21,-1,23,-6,18,-6,22
6,29,-5,31,-4,32,-2,32,10,31,7,28,7,30,6,29,7,29,4,30,-5,30,-5,31
5,50,-4,51,-7,52,-5,52,11,51,9,53,5,52,8,49,9,49,3,49,3,49,5,49
16,68,-17,72,-20,71,-20,69,22,69,26,64,23,61,18,66,21,65,21,57,6,70,-4,71
2,29,-4,30,-5,31,-3,31,4,31,2,28,0,29,4,29,4,29,1,30,-10,30,-8,31
-7,45,4,47,3,48,3,51,-3,47,-3,49,-4,48,-5,50,-4,49,-7,49,-10,51,-9,50
-2,63,0,66,4,67,9,70,0,66,-4,69,-2,68,2,70,-4,70,-7,68,-26,60,-19,68
