-3,-17,8,-14,7,-14,6,-14,7,-14,6,-14,6,-14,8,-13,7,-13,9,-13,7,-13,8,-14,6,-14,6,-14,8,-14,8,-14,8,-14,9,-14,11,-13
0,0,0,0,0,0,0,0,0,0,0,0,0,0,0,0,0,0,0,0,0,0,0,0,0,0,0,0,0,0,0,0,0,0,0,0,0,0
2,2,2,4,3,6,4,5,3,5,4,5,3,5,5,7,4,6,4,7,4,6,5,6,3,6,4,7,4,7,3,6,3,4,3,4,4,5
11,17,-1,18,5,18,4,17,4,18,6,19,4,17,6,20,6,19,6,20,11,16,9,17,8,16,7,18,8,19,8,20,6,17,8,18,3,19
6,20,4,26,4,30,2,27,0,28,3,28,0,24,7,20,1,20,2,23,7,14,3,23,-1,25,4,22,3,20,5,17,3,26,4,16,1,27
-3,1,-5,1,-8,3,-6,2,-7,1,-6,1,-5,1,-8,0,-8,0,-10,0,-7,3,-9,1,-6,3,-9,2,-8,1,-7,2,-6,1,-6,1,-9,1
-7,13,-8,14,-11,17,-9,15,-14,16,-12,15,-10,14,-10,12,-13,12,-15,13,-13,16,-13,14,-11,14,-13,14,-16,11,-16,18,-11,14,-9,14,-14,15
-1,21,-3,24,-9,29,-9,28,-10,26,-8,25,-7,24,-6,22,-8,19,-13,26,-3,25,-4,21,-3,18,-6,19,-18,23,-14,31,-9,27,-3,15,-9,24
5,30,1,34,3,36,2,32,2,35,2,34,3,35,2,31,1,29,0,29,-2,33,-3,31,-4,30,-3,30,-1,28,1,34,3,33,2,33,3,31
-5,46,4,50,5,53,3,50,2,51,2,50,3,49,5,49,4,49,6,46,4,50,4,50,2,51,1,51,5,48,2,51,3,52,0,51,1,49
-9,64,-1,68,3,71,5,68,5,68,4,69,-1,66,8,69,6,69,1,67,-2,70,3,70,4,72,5,71,-5,66,-1,70,2,71,6,70,5,70
0,28,-7,33,-6,35,-5,32,-7,34,-7,33,-7,34,-5,30,-7,29,-7,30,-9,32,-10,30,-10,30,-10,29,-9,28,-7,34,-4,33,-6,33,-4,31
-13,30,-15,49,-15,51,-13,49,-11,48,-9,50,-7,51,-11,49,-9,50,-6,49,-12,49,-13,48,-12,48,-11,49,-10,49,0,51,1,50,-1,52,0,50
-3,42,-25,66,-26,64,4,67,3,66,-10,56,-2,66,-21,56,-25,55,-21,53,-26,66,-27,63,-30,60,-29,58,-25,68,-3,69,2,69,3,71,4,69
