-8,-14,-7,-15,3,-16,3,-16,-6,-16,-6,-15,-6,-14
0,0,0,0,0,0,0,0,0,0,0,0,0,0
-5,3,-4,3,-6,7,-2,5,-2,2,-1,1,-2,2
-7,9,-3,12,3,18,6,18,-4,11,-2,9,-3,12
-10,15,-8,16,9,16,10,16,-10,13,-7,9,-7,18
6,0,7,1,3,2,1,3,5,2,4,3,4,4
10,10,11,10,5,14,-5,16,-3,17,3,16,3,17
3,18,1,17,7,16,6,16,-9,15,-7,22,-6,24
-4,30,4,28,-8,38,-1,32,5,33,-3,24,-3,28
-3,47,6,45,7,45,6,42,-4,47,-4,43,-5,45
-4,61,0,59,12,63,9,62,-10,62,-6,62,-2,62
0,30,-2,28,-8,36,-10,33,-5,34,5,25,4,27
-2,48,-2,45,5,44,-7,46,-7,49,9,46,10,47
-3,62,0,60,10,61,-21,56,-11,63,13,60,15,59
