-5,-16,-5,-16,-3,-16,-3,-15,-5,-16,-3,-16,7,-14,6,-14,-3,-15,-3,-15,-4,-16,6,-16,7,-15
0,0,0,0,0,0,0,0,0,0,0,0,0,0,0,0,0,0,0,0,0,0,0,0,0,0
-1,3,5,2,7,4,6,4,6,4,5,4,1,5,3,6,4,4,4,4,7,4,-4,5,2,5
2,15,12,15,13,17,12,17,11,17,9,17,0,19,1,20,9,15,6,18,13,17,-10,21,-2,16
-5,18,1,17,5,20,4,16,2,17,0,21,0,24,0,25,3,22,3,24,3,17,4,21,-2,25
3,3,-4,4,-5,6,-5,5,-4,4,-3,5,-6,0,-6,2,-1,5,0,5,-5,5,1,3,-5,2
13,17,-3,21,-5,19,-6,20,-5,21,-1,21,-10,11,-8,13,-3,18,-2,19,-7,20,-4,17,-7,12
-3,20,-9,19,-1,21,-1,17,-8,21,-8,23,-3,20,-3,22,2,24,1,21,-2,18,5,19,-4,20
3,33,3,33,5,35,3,34,3,34,6,33,-1,35,-4,33,3,35,4,34,3,34,-4,31,-2,34
13,52,7,52,11,56,-4,56,2,53,-3,52,2,56,-7,54,-3,57,6,54,-4,55,3,50,0,56
21,72,17,74,22,76,-12,75,20,63,16,64,6,72,-25,60,-7,76,-5,73,-7,74,-2,71,3,75
3,33,1,33,0,35,0,35,-1,34,1,33,-6,34,-1,33,4,35,3,34,1,34,-3,30,-8,33
-3,55,-6,52,-6,54,11,56,-6,54,-6,52,-11,53,3,52,10,56,-3,54,8,56,-4,48,-13,53
2,77,6,74,-4,75,25,69,-7,73,0,74,-26,60,2,72,-8,76,-5,75,26,65,-25,54,-28,59
