-3,-17,-2,-17,-2,-17,-2,-17,-2,-17,-5,-16,-4,-16,-3,-16,-6,-16,-3,-18,-1,-17,3,-16,-5,-3,1,-14,-4,-10,2,-17,3,-17,0,-18,-2,-18,5,-18,-2,-17,7,-6,-4,-17,-2,-17,-3,-18,-3,-17,-7,-17,-4,-17,-4,-17,-2,-17,-3,-17,-5,-17,-2,-18,2,-18,1,-18,2,-19,0,-19,-1,-14,0,-18,-2,-17,0,-15
0,0,0,0,0,0,0,0,0,0,0,0,0,0,0,0,0,0,0,0,0,0,0,0,0,0,0,0,0,0,0,0,0,0,0,0,0,0,0,0,0,0,0,0,0,0,0,0,0,0,0,0,0,0,0,0,0,0,0,0,0,0,0,0,0,0,0,0,0,0,0,0,0,0,0,0,0,0,0,0,0,0
1,4,0,4,2,5,1,5,-1,3,-5,2,0,6,0,5,-4,0,2,4,3,4,-5,4,-5,3,-2,1,3,2,5,7,3,6,4,3,4,5,-2,4,-1,15,0,6,5,1,6,-1,5,-1,-2,3,-3,2,-1,2,0,3,-3,1,0,3,-3,3,0,1,3,5,1,6,5,4,4,5,-2,1,-2,6,-1,4,0,3
0,18,1,18,2,17,0,18,-1,16,-6,10,-4,14,-3,15,-4,12,2,18,3,18,-8,21,-7,21,-3,15,3,16,3,22,3,20,4,16,4,18,-5,19,-3,22,1,18,0,16,8,-1,1,11,-6,14,-6,13,-3,14,-4,13,-5,13,-3,13,-5,13,-1,14,4,19,4,19,6,19,4,19,-4,6,-5,23,-4,17,-3,17
-10,16,-8,16,-11,16,-9,16,-11,15,-10,14,-13,14,-12,15,-11,17,-9,17,-8,17,7,23,7,25,9,18,10,14,9,19,10,18,10,15,12,16,6,20,-8,19,-7,16,-8,17,-4,13,-3,12,-13,18,-14,15,-12,16,-13,14,-11,16,-10,16,-12,17,-10,17,9,17,9,16,9,18,9,17,7,8,9,26,9,19,9,19
0,6,0,5,-1,6,0,6,-3,4,6,0,1,7,2,7,6,1,-2,5,-1,5,-1,3,-3,4,0,0,-3,3,-5,8,-4,6,-5,4,-4,6,-1,3,6,19,-2,6,-4,5,-5,6,-6,4,-5,5,7,-2,1,5,1,5,4,2,1,5,4,1,0,4,-6,6,-3,6,-8,3,-3,5,2,0,-2,4,0,3,-2,1
0,22,0,20,-1,20,-1,19,-1,18,4,0,3,20,4,21,0,19,0,20,2,21,-2,16,-2,20,0,11,-3,13,-3,20,2,19,-6,15,-3,16,-4,14,-1,22,-2,20,-6,21,-9,19,-8,18,-11,15,-5,19,1,21,1,19,1,20,0,21,1,20,2,19,-6,17,-4,17,-7,16,-4,17,5,4,-3,18,-1,12,-3,11
-13,17,-12,16,-12,17,-11,17,-11,16,-9,8,-10,19,-9,20,-10,20,-12,18,-12,18,8,21,6,22,9,13,4,12,4,19,4,17,2,13,4,14,4,16,-10,19,-10,17,-13,17,-12,18,-13,16,-7,16,-15,17,-11,20,-12,19,-11,20,-11,19,-12,22,-11,21,2,16,4,17,2,18,4,16,8,5,4,23,5,16,6,15
-8,33,-7,33,-7,35,-6,34,1,31,-1,31,-1,33,-2,35,-4,30,-7,34,-5,34,-2,35,-3,35,0,27,-2,28,-4,34,-4,34,1,31,1,31,-6,29,-6,34,-5,32,-6,35,-5,33,1,32,-8,33,-4,30,-1,34,-6,34,0,35,-5,36,0,33,-2,30,-4,32,-3,32,-1,33,0,31,-2,19,-7,35,-4,30,-5,24
-12,47,-11,47,-11,51,-9,52,1,49,-2,52,0,49,3,51,-6,48,-9,46,-7,48,7,52,5,53,6,45,-8,44,-11,51,-10,50,3,47,3,47,6,46,-10,48,-9,47,-10,53,-9,51,3,50,-10,50,-4,49,0,50,-9,49,6,49,-8,53,4,49,3,47,-10,48,-9,48,-7,50,3,49,9,34,-11,51,4,46,3,44
-2,65,-7,66,-12,69,-14,72,18,64,17,64,12,66,15,68,13,56,2,63,-2,66,5,74,8,72,6,66,-23,61,-26,63,-28,60,5,65,1,64,-2,66,-1,65,-6,66,-13,69,-16,73,21,61,-9,68,13,59,11,68,-6,71,18,66,20,63,20,60,21,57,-28,63,-29,59,-27,55,2,66,-2,55,-31,59,5,67,0,65
1,33,1,33,0,35,1,34,-5,32,-5,31,-2,33,-3,35,-2,30,1,35,2,34,-3,33,-2,35,-2,26,3,29,2,35,0,34,-4,30,-3,30,-6,29,2,35,3,32,-2,35,-1,33,-7,33,0,33,-4,31,-2,35,-1,34,-5,36,0,35,-4,34,-1,30,1,33,-2,32,-4,32,-4,30,-6,19,0,35,-3,29,-7,23
-2,51,3,50,3,52,4,51,-10,49,-10,51,-10,48,-9,51,-9,48,4,50,8,51,-11,50,-10,49,-5,44,6,43,4,52,3,50,4,47,-2,47,-12,47,7,51,7,49,7,52,6,51,-10,50,2,51,-12,47,-9,49,3,49,-8,53,8,50,-9,51,-9,48,4,51,3,50,-6,50,-3,49,-11,35,3,54,-9,44,-8,44
9,69,13,68,14,68,17,67,-14,69,-12,70,0,68,-6,73,0,68,15,66,19,69,-25,61,7,72,-23,49,2,62,6,71,7,70,5,66,-23,52,-25,64,16,69,19,66,21,67,22,64,-14,69,21,61,-6,66,3,69,15,67,-9,73,21,63,-14,70,-11,69,5,70,8,70,7,69,-26,52,-22,51,6,73,-27,49,-27,49
