-5,-14,-5,-14,-7,-13,-6,-13,-6,-13,-6,-14,-4,-14,-5,-14,-5,-14,-6,-14,-6,-15,-6,-14,-6,-14,-5,-14,-5,-14,-5,-14,-6,-14,-7,-14,-6,-14,-7,-14,-6,-14,-7,-13,-8,-13,-8,-13,-6,-14,7,-15,6,-14,5,-15,4,-15,4,-14,5,-14,3,-16,2,-16,6,-16,4,-15,4,-14,5,-14,3,-15,6,-14,6,-15,6,-15,8,-14,7,-13,6,-14,7,-13,5,-14,-8,-13,-7,-13,-8,-14,-6,-14,-6,-14,-6,-14,-5,-15,-6,-14,-5,-14,-7,-13,-8,-13,-8,-14,-7,-13,-7,-13,-7,-13,-6,-15,-7,-14,-6,-15,-7,-14,-7,-14,-7,-14,-7,-14,6,-12,6,-13,6,-14,6,-15,7,-14,6,-14,5,-14,5,-14,6,-15,6,-15,7,-15,6,-14,5,-14,7,-15,6,-15,7,-14,5,-15,6,-14,5,-14,7,-14,6,-14,7,-15,5,-14,5,-15
0,0,0,0,0,0,0,0,0,0,0,0,0,0,0,0,0,0,0,0,0,0,0,0,0,0,0,0,0,0,0,0,0,0,0,0,0,0,0,0,0,0,0,0,0,0,0,0,0,0,0,0,0,0,0,0,0,0,0,0,0,0,0,0,0,0,0,0,0,0,0,0,0,0,0,0,0,0,0,0,0,0,0,0,0,0,0,0,0,0,0,0,0,0,0,0,0,0,0,0,0,0,0,0,0,0,0,0,0,0,0,0,0,0,0,0,0,0,0,0,0,0,0,0,0,0,0,0,0,0,0,0,0,0,0,0,0,0,0,0,0,0,0,0,0,0,0,0,0,0,0,0,0,0,0,0,0,0,0,0,0,0,0,0,0,0,0,0,0,0,0,0,0,0,0,0,0,0,0,0,0,0,0,0
-2,4,-3,4,2,4,4,4,-3,4,4,5,-1,4,-1,3,-2,4,-3,3,-4,3,-4,3,-3,4,-4,3,-3,3,-3,3,-2,4,-1,4,-2,5,-2,3,-3,4,6,3,6,3,5,4,-2,4,-4,2,-6,3,-7,1,-7,1,-6,2,6,3,-6,3,-2,3,-5,5,-3,2,-3,2,-5,4,-6,4,-5,5,-4,3,-3,3,-3,4,-6,5,-6,3,-7,3,5,3,-2,4,-3,4,-3,3,-2,4,-3,3,-4,3,-4,4,0,4,2,4,1,4,2,3,-3,3,-3,4,-1,3,-2,3,-1,4,0,4,-2,4,-2,4,1,4,-3,4,-3,3,-5,0,-5,-1,-3,2,1,3,0,4,-2,3,-2,4,-3,3,-5,4,-6,3,-5,2,-6,4,-6,4,-5,3,-4,3,-1,4,0,3,2,4,-2,2,0,4,-1,4,2,3,2,4,4,5
-1,16,0,16,5,16,3,16,-1,15,3,16,1,16,0,14,0,16,-1,15,-5,15,-2,15,-2,15,-4,15,-1,13,-1,14,-1,16,-1,16,-2,17,-1,15,-1,15,7,15,6,16,5,16,0,16,-7,17,-7,19,-12,13,-12,14,-8,17,5,15,-6,17,-6,16,-10,18,-12,15,-13,17,-13,18,-14,18,-10,18,-11,18,-11,18,-6,20,-6,21,-6,20,-10,17,7,13,-2,16,-2,15,-1,15,0,15,-1,14,-2,14,-3,14,1,15,3,15,2,16,2,15,-1,13,-1,15,1,14,0,14,-1,16,0,16,-4,15,-5,16,2,16,-1,16,-2,15,-3,7,3,6,-12,14,-10,14,-7,16,-9,17,-11,17,-14,18,-12,17,-14,16,-13,15,-12,15,-13,17,-12,16,-13,15,-6,17,-7,16,-4,20,3,6,1,20,-2,19,1,19,-2,19,0,19
-5,20,-4,20,-3,20,-4,20,-5,21,-6,21,-5,20,-6,18,-6,18,-7,15,-5,25,-4,23,-3,22,-5,23,-6,18,-5,22,-6,22,-7,22,-6,23,-5,22,-7,21,-1,23,-5,19,-4,21,-4,22,5,21,5,21,-14,25,-14,25,2,22,2,23,1,22,1,26,1,23,-2,23,0,24,-1,23,-1,23,1,23,2,25,2,26,5,24,6,23,5,22,5,23,4,22,-4,22,-6,19,-5,18,-3,24,-3,20,-2,25,-5,18,-4,19,-2,22,-5,18,-6,16,-6,15,-6,16,-5,16,-5,18,-6,22,-6,20,-8,19,-7,18,-3,18,-5,18,-6,17,8,5,8,4,3,19,4,19,4,22,2,24,1,22,-1,22,0,21,-1,21,0,20,1,20,1,22,1,22,1,25,3,23,3,23,5,21,12,5,7,18,5,19,5,18,4,20,6,22
5,4,5,3,2,4,4,4,3,4,2,5,4,5,3,4,4,4,3,3,6,4,7,4,6,4,6,3,5,5,4,3,5,5,5,5,5,4,4,2,6,3,0,4,4,4,3,3,4,4,3,2,3,3,5,3,5,4,5,3,-6,2,4,2,1,3,2,2,2,2,2,2,3,3,3,3,4,2,3,3,0,3,1,4,1,3,3,3,5,3,-8,2,7,5,5,3,5,2,5,2,6,3,5,4,6,4,3,5,3,5,3,5,2,3,5,4,5,4,4,4,5,5,4,5,3,5,5,4,5,4,4,5,7,5,1,3,2,-1,3,-2,2,3,-4,3,-2,3,0,3,0,3,1,2,2,2,2,3,3,2,3,3,3,3,1,2,0,1,-3,3,-1,2,-3,1,-3,0,-4,3,-5,4,-6,3,-6,3,-4,3
2,19,2,18,1,19,2,18,2,17,2,17,4,18,5,19,8,18,9,17,10,18,11,18,10,17,10,16,9,17,8,16,3,19,3,19,11,18,3,17,10,16,-1,18,-2,17,-1,16,1,18,-1,13,1,15,4,17,5,17,1,16,-9,14,3,12,-1,15,-3,14,1,13,1,14,1,14,0,13,3,11,-4,15,-6,15,-3,16,-1,16,2,16,8,15,-10,15,6,19,3,17,2,16,3,16,2,16,3,17,2,16,4,16,5,18,6,18,6,18,7,17,8,18,7,18,7,18,5,19,5,19,3,19,3,19,1,18,3,19,1,17,4,5,4,4,-5,12,-10,14,-9,14,-5,16,-4,15,-3,12,0,13,-1,14,-2,13,-1,13,-1,13,-3,13,-4,12,-9,15,-9,12,-8,13,0,2,-6,14,-8,16,-9,15,-9,15,-6,15
-7,21,-6,21,-7,22,-6,21,-6,22,-7,23,-5,25,-4,24,-2,26,-1,26,0,26,-1,25,-1,24,-1,23,-2,23,-4,25,-6,24,-7,24,10,29,-7,23,-3,23,-7,23,-8,20,-8,21,-7,23,3,18,3,19,4,20,1,22,-3,21,-2,22,2,18,-1,24,3,19,2,21,3,23,2,22,2,22,3,21,1,21,0,23,3,21,4,20,2,20,6,22,-3,21,-5,19,-6,18,-6,18,-5,18,-4,19,-5,19,-5,18,-4,20,-4,22,-3,21,-4,18,-4,18,-4,20,-4,19,-3,20,-6,22,-6,22,-7,20,-6,19,-7,19,-6,19,-6,18,8,4,9,2,3,17,-1,19,1,20,3,20,2,19,2,18,4,19,2,20,2,17,3,17,2,20,2,19,1,20,1,19,-1,19,0,19,5,-16,2,16,2,17,0,18,0,19,1,20
-2,33,-1,34,-2,31,1,29,1,27,1,28,2,29,2,27,1,30,1,30,-2,32,1,30,-2,31,0,31,1,29,1,29,1,28,0,27,0,29,-1,30,-2,32,-1,32,1,27,0,27,0,27,-7,25,-7,29,-7,32,-7,31,-4,31,-3,32,-6,27,-7,27,-3,31,-6,31,-5,31,-4,33,-7,28,-5,27,-6,26,-5,27,-6,28,-7,31,-6,32,-5,32,-4,30,-1,30,-1,30,-1,29,0,31,0,30,-1,28,-1,27,1,27,2,26,2,31,5,29,-1,30,3,31,-1,30,3,29,-1,27,1,27,0,27,-2,28,-2,31,-2,32,-3,32,-4,20,-3,17,-6,33,-5,29,-4,28,-7,26,-8,28,-8,27,-6,27,-5,28,-5,27,-4,27,-6,27,-5,25,-6,26,-3,26,-5,26,-6,27,-2,18,-7,29,-6,33,-5,33,-2,33,-2,29
-6,46,-4,48,-5,48,-5,49,-6,47,-7,45,-3,47,-3,45,-7,46,7,49,-7,46,11,47,-4,49,8,47,4,46,1,46,-1,47,-3,44,-4,44,-6,44,-5,47,-5,49,4,48,-8,45,-4,45,-5,44,-11,47,-14,48,-14,48,1,48,2,48,-8,48,-1,46,5,45,2,46,1,48,1,49,0,46,3,45,3,43,1,46,-3,46,-8,48,-11,48,-11,49,-11,49,-6,43,-6,44,-6,44,-3,47,-3,47,-4,46,-4,45,-4,45,-3,46,-5,46,7,47,-6,46,12,48,-5,48,6,48,-5,45,-1,47,-5,43,-6,44,-7,44,-7,45,-6,48,-10,35,-8,32,-11,49,-8,48,1,47,0,47,0,47,1,47,4,45,2,45,2,46,3,45,1,46,2,43,1,45,0,47,-3,47,-6,48,-5,33,-11,47,-13,49,-11,47,3,49,4,46
-4,66,-7,66,-10,67,-9,68,-7,67,-3,65,2,66,8,58,7,62,15,66,-3,67,22,65,-8,67,25,60,23,57,21,56,16,56,11,56,5,61,-1,65,-6,66,-10,66,22,59,-8,65,17,57,-16,63,-21,66,-24,65,-27,64,5,65,3,66,-26,56,-6,63,-6,62,-3,66,4,68,6,67,5,66,4,66,0,64,-4,64,-11,63,-18,65,-21,66,-23,65,-25,62,7,59,2,63,-4,65,-7,66,-7,65,-6,65,-2,64,2,64,6,64,10,62,15,66,-3,66,23,65,-10,66,26,56,-3,64,18,54,11,54,7,60,1,63,-6,66,-11,66,-19,47,-21,44,-28,60,-27,58,-2,66,-7,65,-12,63,-11,64,-2,66,2,68,7,66,8,66,5,67,2,65,-3,65,-7,65,-11,64,-16,65,-16,51,-24,66,-26,64,-27,60,6,67,3,66
5,34,4,34,2,31,4,29,3,28,2,28,4,29,5,28,4,30,4,30,5,32,3,31,3,31,2,31,1,30,3,29,4,28,4,28,4,29,3,30,3,32,1,32,1,28,0,27,2,28,0,26,0,29,-1,32,-1,31,-6,31,-5,32,-2,27,-5,27,-6,30,-7,31,-7,31,-5,32,-5,27,-3,26,-5,26,-5,26,0,28,0,31,1,32,1,33,-4,30,6,30,6,29,5,29,6,31,5,30,4,28,4,27,3,28,4,27,3,31,2,29,6,31,1,31,2,30,1,29,1,28,3,27,3,27,2,28,3,31,3,32,2,32,3,20,3,18,-2,33,-1,29,-4,28,-5,26,-8,27,-6,27,-7,27,-6,28,-6,27,-4,27,-4,26,-3,25,-3,25,-5,26,-1,26,-2,27,4,18,0,29,0,33,-1,33,-5,32,-6,28
10,51,11,50,8,49,6,50,3,50,-2,48,-3,48,-5,46,3,48,-8,45,10,48,-5,49,10,47,-3,49,-4,47,-4,47,-3,48,-3,45,-2,45,6,49,8,47,8,48,-7,47,1,49,-4,46,3,42,3,44,3,44,2,47,-14,48,-9,49,1,45,-4,46,-9,47,-13,48,-15,48,-16,47,-11,43,-8,45,-5,44,-2,44,4,45,4,45,3,47,3,48,2,48,7,46,10,46,11,45,12,46,11,47,8,48,4,48,-1,46,-3,46,1,47,-8,45,11,48,-5,49,8,47,-6,46,-6,46,-4,48,-3,45,1,47,6,48,8,49,9,47,7,33,6,32,2,49,2,46,-2,48,-1,46,-2,46,-7,47,-10,46,-14,46,-13,44,-9,42,-9,45,-5,44,-3,45,-1,45,3,45,4,44,10,30,4,45,4,48,2,48,-10,49,-7,49
19,68,22,66,22,65,23,63,21,61,18,58,15,58,7,62,10,65,1,63,19,66,-7,68,23,63,-6,67,-3,66,1,65,5,65,9,65,13,67,16,66,19,66,21,65,-10,66,19,57,-2,65,-10,58,-5,63,0,63,4,64,-28,62,-27,59,-2,64,-23,56,-17,61,-23,63,-25,63,-27,61,-29,58,-27,54,-24,51,-21,52,-10,59,-6,62,-1,65,5,67,5,67,18,66,21,65,23,64,27,63,29,61,27,58,24,55,19,56,15,56,12,65,3,62,20,66,-8,68,26,59,-7,66,22,53,2,65,7,63,12,65,16,66,19,66,22,65,7,53,10,52,4,67,1,66,-23,57,-18,57,-14,59,-16,62,-20,64,-24,64,-25,60,-24,56,-26,56,-25,53,-22,52,-18,53,-12,53,-8,58,1,48,1,65,5,66,7,66,-29,58,-27,54
