-11,-13,-13,-12,-13,-11,-11,-12,-11,-12,-12,-13,-11,-13,-10,-14,-9,-14,-10,-13,-10,-14,-11,-13,-12,-13,-11,-13,-11,-13,8,-16,4,-17,4,-16,6,-16,5,-16,6,-16,4,-17,5,-17,6,-17,6,-15,7,-16,6,-15,6,-16,6,-16,6,-16,5,-16,6,-16,8,-14
0,0,0,0,0,0,0,0,0,0,0,0,0,0,0,0,0,0,0,0,0,0,0,0,0,0,0,0,0,0,0,0,0,0,0,0,0,0,0,0,0,0,0,0,0,0,0,0,0,0,0,0,0,0,0,0,0,0,0,0,0,0,0,0,0,0
0,3,0,3,0,3,0,2,1,3,2,2,3,2,9,0,9,-1,9,0,8,-1,7,1,6,2,1,3,3,3,-1,6,-4,6,-3,6,1,5,-1,4,0,6,-2,6,-3,6,-3,6,-2,6,-2,4,-3,5,-2,5,-4,6,-4,5,-2,6,-1,5,-1,5
4,16,5,12,4,11,2,9,2,12,2,13,5,15,16,10,17,9,16,10,16,9,15,11,14,11,7,12,7,13,-8,20,-4,22,-4,21,3,17,-9,11,6,19,-2,19,-7,20,-9,20,-11,19,-13,16,-14,17,-13,17,-13,18,-10,20,-5,22,-2,21,-1,23
-5,16,-3,12,-3,12,-4,12,-4,14,-3,17,-3,17,7,14,8,14,7,14,7,13,6,15,5,16,-3,16,-3,17,1,23,8,16,3,25,6,18,2,15,3,29,6,21,4,21,3,21,2,21,-1,22,-1,21,0,21,0,23,2,23,2,24,5,21,8,21
5,3,6,3,7,3,6,3,6,3,4,4,5,4,-3,9,-3,9,-4,10,-3,9,-1,6,2,4,6,3,3,4,-3,4,1,3,-3,5,-3,3,-3,3,-3,4,-2,5,0,3,0,2,0,3,0,3,-1,4,-1,5,0,6,1,5,-3,4,-5,3,-4,2
10,18,15,16,15,16,14,17,12,19,5,19,5,19,-4,18,-3,19,-4,18,-4,17,-5,18,-3,17,14,12,8,16,-8,17,-1,17,-6,16,-8,11,-8,11,-5,15,-2,17,-1,12,-2,11,-2,13,-4,12,-8,14,-8,16,-8,16,-5,18,-4,16,-6,16,-10,12
-3,18,2,18,3,19,1,19,-1,19,-3,18,-4,18,-1,15,2,16,1,16,2,15,0,17,-5,17,2,19,-2,19,-2,24,6,16,-3,27,0,15,3,16,2,20,4,20,6,13,6,12,5,13,5,11,0,19,1,19,0,21,1,22,0,24,2,21,3,19
-2,28,6,29,6,28,5,27,5,29,5,28,4,28,4,30,11,29,10,29,10,29,8,30,8,29,3,29,5,31,-7,28,-4,31,-5,32,0,32,0,32,1,33,-1,32,-2,30,-3,31,-3,30,-4,30,-5,31,-2,34,-3,33,-4,29,-4,31,-4,31,-4,32
-8,46,10,47,11,46,11,46,8,46,0,47,1,47,-4,44,17,50,17,51,0,49,14,52,12,53,-1,48,1,49,3,48,-7,49,-11,52,9,48,7,50,7,51,6,50,5,48,3,48,3,50,7,49,4,50,3,54,2,53,3,50,4,51,3,50,2,52
-3,65,19,66,22,65,29,57,27,52,1,66,25,49,7,62,28,68,30,67,-3,68,31,61,32,57,4,67,9,66,-1,67,-17,69,-21,69,10,69,11,69,10,71,6,70,1,67,-4,67,-18,56,-2,70,3,71,6,72,6,73,5,71,-1,70,-6,68,-10,69
4,29,6,29,6,28,5,27,5,29,4,30,5,29,7,30,6,30,4,31,5,30,4,31,3,30,6,30,6,31,-9,27,1,30,0,32,-5,32,-4,32,-5,33,-4,32,-3,29,-1,30,-3,30,-7,30,-4,30,-6,33,-6,32,-5,28,-7,30,-7,30,-6,31
1,50,-5,48,-4,48,-1,49,-3,48,-5,50,-2,49,12,49,-2,45,-1,50,17,50,-1,51,-1,49,8,52,0,50,-11,47,12,45,10,47,-12,54,-11,52,-8,53,-7,53,-3,51,3,47,3,50,-12,49,-14,49,-14,49,-12,48,-9,49,-8,49,-3,47,-3,48
-3,66,2,67,-2,70,-5,70,-4,69,1,68,6,67,24,68,2,65,-2,69,32,65,-2,69,0,69,32,56,28,55,-26,49,2,63,5,67,-24,69,-28,67,-26,59,-29,55,-29,52,-4,66,-8,67,-22,68,-26,66,-27,61,-28,57,-26,52,-26,50,-6,66,-23,51
