-6,-13,-7,-13,-9,-12,-8,-12,-8,-12,-8,-12,-8,-13,-8,-12,-8,-12,-8,-14,-7,-13,-6,-13,-6,-14,-5,-13,-5,-14,-8,-12,-7,-13,-8,-11,-7,-13,-7,-12,-7,-13,8,-12,8,-12,7,-12,6,-14,7,-13,8,-13,9,-12,8,-13,8,-13,7,-13,6,-12,7,-13,8,-13,6,-13,8,-12,6,-14,-4,-15,-7,-12,-7,-13,-7,-13,-8,-13,-7,-14,-7,-14,-6,-13,-4,-15,-5,-14,-5,-14,-5,-13,-6,-13,7,-13,6,-13,7,-13,6,-14,6,-13,6,-14,6,-13,7,-14,6,-13,7,-14,6,-15,5,-13,5,-13,7,-13,8,-12,8,-13,7,-13,6,-13
0,0,0,0,0,0,0,0,0,0,0,0,0,0,0,0,0,0,0,0,0,0,0,0,0,0,0,0,0,0,0,0,0,0,0,0,0,0,0,0,0,0,0,0,0,0,0,0,0,0,0,0,0,0,0,0,0,0,0,0,0,0,0,0,0,0,0,0,0,0,0,0,0,0,0,0,0,0,0,0,0,0,0,0,0,0,0,0,0,0,0,0,0,0,0,0,0,0,0,0,0,0,0,0,0,0,0,0,0,0,0,0,0,0,0,0,0,0,0,0,0,0,0,0,0,0,0,0,0,0,0,0,0,0,0,0
1,2,4,3,4,2,5,3,5,2,6,3,5,2,5,2,4,3,1,3,0,2,1,3,1,2,-1,3,1,4,2,3,4,3,5,3,5,3,6,3,6,3,0,3,1,3,-2,3,-2,3,-3,3,-4,2,-4,4,-4,3,-2,3,-3,4,0,5,1,4,1,5,0,3,1,6,0,5,0,3,5,3,6,3,6,2,6,2,6,3,5,3,4,3,2,3,2,3,1,3,2,4,1,3,-3,4,-2,4,-1,2,-1,3,-1,4,-1,4,-3,4,-1,4,-2,4,-1,4,-1,4,-2,6,-2,5,0,4,0,5,0,4,0,6,-1,5
4,14,11,14,12,13,13,14,13,13,14,14,13,13,11,14,9,15,3,14,4,14,4,14,5,13,2,14,5,14,5,15,9,14,12,14,13,14,14,14,15,13,-4,17,-1,15,-10,13,-8,14,-14,14,-15,13,-14,13,-14,13,-13,14,-12,16,-2,18,1,17,1,17,0,17,-1,19,-3,18,3,14,13,15,14,14,14,14,13,14,13,16,11,16,5,16,3,14,2,14,2,14,4,16,3,15,-8,17,-8,16,-6,16,-7,15,-5,16,-5,17,-13,14,-3,16,-3,16,0,17,-2,16,-3,18,-9,18,-3,19,-3,18,-3,18,-5,18,-4,18
0,24,2,19,6,20,8,21,8,21,8,21,6,20,4,19,-1,18,-5,17,-5,17,-4,17,-4,17,-6,18,-2,20,-2,22,3,19,7,22,8,22,10,23,10,22,4,21,0,22,0,23,0,22,-8,24,-8,24,-8,24,-8,25,-6,25,-4,27,3,21,8,19,8,19,8,19,6,22,5,23,-4,19,9,24,11,23,10,23,9,23,9,24,4,24,1,24,-2,20,-4,20,-4,20,-3,22,-1,22,0,23,1,22,3,21,0,23,1,26,-1,27,-15,27,6,21,-5,27,7,20,5,20,6,22,-9,31,6,23,5,22,5,22,1,24,3,26
0,1,0,2,-1,3,-2,3,-2,3,-2,3,-2,3,-2,4,0,2,1,3,1,2,2,3,2,1,0,2,1,4,1,2,-1,1,0,3,-3,4,-3,4,-4,4,-3,2,-3,1,-3,2,-3,3,-1,3,0,3,1,2,1,2,0,2,0,3,-5,3,-4,1,-5,2,-5,1,-5,3,-4,2,2,3,-2,5,-2,5,-4,4,-3,4,-4,4,-1,4,0,5,0,4,1,3,1,3,1,5,1,4,-1,3,-2,3,-1,2,-1,3,-3,3,-3,4,0,4,-1,3,-3,4,-2,2,-2,3,-2,4,-1,4,-4,2,-4,2,-4,2,-5,3,-4,2
3,15,-1,14,-2,15,-3,16,-2,16,-1,16,-2,16,-2,15,0,14,8,15,11,15,12,14,12,14,10,15,5,16,3,15,-2,15,-1,17,-2,16,-2,17,-3,16,-9,11,-10,11,-10,12,-10,12,-6,12,-4,12,-3,12,-4,11,-3,11,-4,12,-11,13,-11,11,-11,12,-11,12,-10,14,-11,13,8,16,-1,17,0,17,-1,16,-2,15,-3,15,1,18,1,18,1,16,3,16,4,15,1,16,2,13,-5,15,-8,14,-6,14,-7,13,-8,15,-8,16,-3,16,-2,15,-2,15,-3,14,-4,14,-3,15,-3,16,-11,12,-11,12,-10,13,-11,13,-9,14
-3,25,-1,18,0,18,-1,20,-7,18,-7,19,-9,18,-2,17,1,14,-2,19,1,23,3,22,3,22,-1,20,-4,21,-1,1,-1,18,-8,19,-4,19,-7,19,-4,18,-3,20,-5,19,-4,21,-4,21,2,16,4,15,4,15,4,14,5,14,4,16,-4,17,-3,15,-3,15,-3,16,-3,18,-3,19,-1,20,-4,24,-5,23,-4,22,0,21,-1,21,-5,26,0,30,0,-1,5,26,0,20,-3,23,-3,21,0,20,-2,20,2,19,-2,21,-3,24,-3,25,6,21,7,20,7,20,5,19,4,19,4,21,4,22,-4,19,-4,17,-3,20,-5,21,-2,23
5,27,3,28,0,28,6,29,5,28,6,28,5,28,5,27,1,27,5,28,0,29,5,28,5,28,2,26,5,25,3,28,4,27,4,27,2,28,3,29,2,29,-8,28,-4,29,-6,29,-6,27,-7,29,-7,30,-6,29,-5,30,-4,29,-5,29,-6,29,-5,29,-2,30,-4,27,-1,29,-3,27,6,25,5,29,4,28,5,27,4,27,4,27,4,27,4,28,0,26,2,28,1,32,3,31,1,28,-11,26,-9,27,-9,26,-6,27,-6,30,-7,29,-7,29,-5,29,-5,29,-4,28,-5,27,-6,29,-7,26,-7,28,-3,29,-2,28,-4,29,-4,28
-1,47,-7,46,-8,45,9,48,10,48,8,48,6,49,3,48,-6,46,7,48,-6,48,11,48,10,47,5,47,2,46,-1,48,-4,46,-5,46,-8,45,2,48,-7,46,-15,50,2,47,0,47,0,46,4,45,5,46,4,46,3,47,3,47,2,47,-7,49,-9,48,4,47,-10,47,3,49,-6,50,9,46,6,49,-6,44,7,45,5,48,2,49,-3,46,2,48,-8,45,7,47,6,48,3,48,0,48,-15,46,-17,47,-16,47,0,45,0,46,1,45,3,46,5,46,3,47,3,46,1,46,0,47,1,46,-10,47,4,44,3,46,3,46,4,45
16,54,6,61,0,63,20,67,23,66,24,65,24,61,23,58,-2,65,15,67,-6,69,22,65,24,62,-9,67,22,55,19,56,13,56,8,58,2,62,13,68,-8,67,-25,66,4,66,3,67,1,66,-6,64,1,67,5,68,7,67,6,67,4,67,-18,67,-20,66,5,67,-26,63,7,68,-26,57,27,58,17,68,-6,66,21,65,21,58,21,58,-4,64,11,67,-7,67,17,64,19,62,19,60,18,58,-27,65,-29,66,-30,63,3,65,0,67,-3,65,-6,65,1,67,4,68,6,66,4,66,1,66,-2,66,-22,65,4,64,7,64,7,66,5,65
3,27,4,28,3,28,0,29,1,28,0,28,-1,28,0,27,1,27,2,27,4,29,2,28,2,28,3,26,2,25,0,28,1,27,1,28,2,28,1,29,1,29,-5,27,-10,27,-9,28,-8,27,-9,28,-5,30,-5,29,-6,28,-6,29,-6,28,-3,29,-3,28,-8,29,-3,26,-7,29,-5,26,5,26,2,29,1,28,0,27,0,27,0,27,1,27,0,28,1,27,-2,29,-4,32,-3,30,-3,28,-5,28,-10,27,-4,27,-11,27,-11,29,-11,29,-8,29,-9,29,-10,28,-8,27,-9,27,-8,28,-8,25,-4,28,-8,27,-8,27,-7,28,-7,28
-3,48,3,49,7,49,-7,47,-6,48,-5,48,-6,48,-6,47,-4,47,-8,45,10,49,-4,48,-3,47,-6,47,-6,46,-8,47,-7,48,-6,47,-2,47,2,49,4,50,3,45,-13,48,-12,49,-9,48,-10,46,-12,47,-13,47,-12,46,-10,45,-8,46,4,46,5,45,-11,49,1,46,-8,50,3,47,-3,46,-7,46,8,47,-5,45,-7,47,-9,45,-7,45,-9,47,5,47,-7,49,-8,50,-9,49,-10,48,3,44,2,44,1,45,-15,47,-13,49,-11,49,-12,48,-13,47,-16,48,-16,47,-13,44,-12,46,-9,46,4,44,-11,47,-12,47,-10,48,-8,49
4,66,13,67,16,67,-5,68,-9,67,-10,68,-9,68,-6,67,19,57,0,66,19,68,-9,68,-10,67,24,59,-5,66,-3,67,1,66,6,67,9,67,-2,66,15,68,0,66,-27,63,-29,62,-27,56,-20,65,-23,65,-25,64,-25,60,-26,57,-26,55,-6,64,1,66,-23,66,7,66,-25,61,3,66,-5,67,-1,66,20,67,-10,65,-11,66,-8,65,18,57,-2,67,15,66,-12,68,-14,67,-13,68,-10,67,-4,63,-1,65,3,65,-30,60,-29,59,-28,57,-21,65,-23,65,-26,65,-27,64,-26,56,-29,57,-26,56,-2,62,-24,64,-26,62,7,65,-28,58
