8,-13,8,-13,8,-13,-6,-14,-7,-13,-7,-14,7,-14,8,-12,8,-13,9,-13,10,-13,-8,-13,-7,-14
0,0,0,0,0,0,0,0,0,0,0,0,0,0,0,0,0,0,0,0,0,0,0,0,0,0
-3,4,-6,4,1,3,7,1,5,3,5,3,-5,4,0,4,0,4,-1,3,0,3,0,1,5,4
-12,15,-13,15,3,16,15,11,6,12,6,14,-14,14,2,19,3,18,-4,14,-4,13,1,10,6,15
7,11,-3,23,5,18,6,16,-4,12,-6,9,-8,30,8,16,8,13,4,14,4,13,-5,13,3,25
-4,3,0,2,-4,2,-4,5,-1,6,1,5,0,2,-4,2,-4,2,-3,1,-4,0,4,3,0,6
-12,15,0,10,-8,10,-2,20,-1,19,1,19,0,10,-9,9,-10,9,-4,12,-5,11,9,16,-1,20
6,12,5,10,-1,16,-8,18,-2,26,-3,30,6,11,1,14,1,11,5,14,4,12,-3,14,-3,30
-1,25,-2,26,-1,26,0,27,7,27,8,27,-3,27,-5,29,-5,30,-5,27,-5,27,8,27,7,27
6,43,5,42,6,42,-5,41,6,44,9,44,5,44,-5,47,-7,46,4,46,3,46,9,45,10,43
3,61,6,62,7,60,2,57,12,62,16,62,5,63,-12,63,-15,63,2,66,5,65,16,61,18,60
-6,25,-6,26,-7,25,2,27,-1,28,0,27,-5,27,-1,29,-4,29,-10,26,-11,26,2,27,0,28
-4,41,-7,41,-7,46,5,47,-6,45,-5,44,-8,44,6,43,5,43,-9,44,-11,45,-6,45,-5,45
-10,58,-13,57,-14,62,14,63,5,62,-3,64,-16,60,0,60,5,62,-13,62,-16,62,4,65,0,62
