-5,-17,-6,-16,-4,-16,-2,-17,-2,-16,-3,-16,-3,-16,-3,-17,-4,-17,-4,-16,-3,-17,-3,-17,-3,-17,-3,-16,-2,-17,-3,-16,-3,-17,-3,-17,-2,-16,-4,-17,-3,-17,0,-18,0,-16,0,-17,2,-17,2,-17,1,-16,-1,-17,-1,-17,-16,-12,-20,-1,11,-13,10,-13,11,-13,10,-12,8,-13,8,-14,6,-14,8,-13,9,-14,10,-13,8,-15,10,-14,10,-14,12,-12,11,-12,12,-12,12,-13,11,-13,12,-13,12,-12,12,-12,10,-13,-12,-11,-12,-11,-12,-10,-11,-12,-11,-11,-13,-10,-13,-10,-13,-11,-12,-11,-12,-12,-12,-12,-12,-13,-12,-12,-12,-12,-11,-12,-13,-11,-12,-11,-13,-11,-12,-11,-12,-12,-11,-12,15,-8,12,-10,13,-9,13,-11,14,-11,13,-11,13,-12,12,-12,12,-12,11,-13,11,-13,12,-12,11,-12,9,-14,10,-13,10,-13,10,-14,9,-14,10,-14,10,-14
0,0,0,0,0,0,0,0,0,0,0,0,0,0,0,0,0,0,0,0,0,0,0,0,0,0,0,0,0,0,0,0,0,0,0,0,0,0,0,0,0,0,0,0,0,0,0,0,0,0,0,0,0,0,0,0,0,0,0,0,0,0,0,0,0,0,0,0,0,0,0,0,0,0,0,0,0,0,0,0,0,0,0,0,0,0,0,0,0,0,0,0,0,0,0,0,0,0,0,0,0,0,0,0,0,0,0,0,0,0,0,0,0,0,0,0,0,0,0,0,0,0,0,0,0,0,0,0,0,0,0,0,0,0,0,0,0,0,0,0,0,0,0,0,0,0,0,0,0,0,0,0,0,0,0,0,0,0,0,0,0,0,0,0,0,0,0,0,0,0,0,0,0,0,0,0,0,0,0,0,0,0,0,0,0,0,0,0
2,4,-1,6,-2,6,3,3,5,3,4,4,3,4,2,5,0,3,0,5,-2,6,0,5,-2,6,0,6,-2,6,-2,6,1,5,0,4,1,4,2,4,4,5,6,4,7,5,7,3,8,4,8,4,8,5,6,5,7,5,-6,-8,-3,1,2,6,-5,3,0,3,2,2,3,3,1,0,0,1,1,1,1,2,0,3,0,4,-1,3,0,0,0,2,-2,2,-1,3,-3,3,-2,4,-4,3,-4,2,-2,3,0,4,2,3,3,3,2,4,2,5,-2,4,6,0,5,1,7,0,-1,3,0,3,0,4,4,2,5,3,4,4,0,4,0,3,0,2,0,2,0,3,1,3,2,6,-4,2,-4,2,-3,3,-2,2,0,1,-2,2,-4,3,-5,4,-4,3,-1,4,-1,3,-1,3,-3,3,-4,1,-1,1,-3,3,-2,3,-2,4,-2,3,-1,3
8,16,-4,19,-4,18,-4,17,7,16,2,16,10,19,5,18,-2,16,-1,20,-3,19,-2,16,-4,15,-5,15,-6,14,-5,15,-4,16,-2,16,0,18,3,19,10,18,15,17,17,17,17,15,18,16,18,15,17,16,15,17,14,19,-4,13,9,30,3,19,-11,17,12,11,10,10,9,10,7,9,5,10,4,13,3,17,0,19,2,19,-7,13,3,10,-1,13,-5,14,-2,12,-2,18,-2,16,-14,17,-8,16,-9,16,-1,19,3,13,5,14,4,17,3,19,-8,13,19,8,21,7,22,7,-2,13,1,14,1,16,5,15,9,16,8,17,2,14,1,11,2,10,1,12,4,14,3,16,7,17,-10,18,-3,13,-1,13,-1,11,-1,13,-15,11,-14,14,-10,18,-9,16,-4,15,-3,13,-1,13,-2,13,-4,11,-1,9,-17,13,-14,18,-8,19,-3,16,-3,19
6,29,-15,15,-17,17,-14,18,-2,19,-6,21,1,25,-4,27,-8,22,-10,21,-14,17,-13,14,-15,12,-16,12,-16,11,-14,13,-14,15,-10,17,-8,24,-8,24,-11,21,6,24,8,27,11,26,12,27,12,26,9,26,4,24,4,24,1,36,15,38,7,24,2,14,20,7,21,9,21,12,20,14,16,17,13,22,10,27,6,27,6,25,5,14,-5,25,9,9,8,10,7,12,2,25,-2,26,-5,29,0,26,0,25,7,21,-2,17,-2,17,-4,17,-8,15,-16,3,16,22,17,20,16,20,-13,14,-9,17,-7,22,-2,22,-3,18,9,30,-7,11,-8,11,-8,14,-7,17,-4,21,-1,26,6,27,-1,21,7,13,11,12,8,14,6,18,-6,19,-5,22,-7,30,-13,29,-14,27,4,17,11,12,10,9,6,8,7,7,-9,25,-4,26,0,25,5,24,5,22
3,5,5,7,4,3,-2,4,-3,4,-2,3,-1,4,1,5,2,4,3,5,3,4,3,5,4,6,1,6,1,6,2,5,1,5,0,4,1,5,-1,4,-3,6,-6,4,-8,4,-8,3,-7,3,-7,3,-7,3,-7,3,-6,4,-8,-5,-6,5,-8,1,-2,4,-6,3,-7,3,-7,2,-4,2,-4,2,-5,3,-5,3,-5,3,-5,2,-4,3,-6,3,-6,3,-6,3,-5,2,-5,2,-5,3,-3,3,-4,2,-4,2,-6,2,5,3,5,3,5,3,5,3,7,-1,0,3,-1,3,-2,4,7,1,7,3,7,4,5,4,5,5,6,3,6,0,5,0,3,2,4,2,6,3,5,3,5,4,-5,1,-7,0,-7,1,-6,0,-4,0,-5,1,-5,3,-5,3,-4,2,-4,2,-5,2,-5,2,-6,3,-6,2,-5,3,-2,3,-2,3,-4,3,-4,3,-4,2
-2,19,-2,20,15,11,-3,18,-5,19,-4,18,-2,20,1,19,1,19,4,21,8,18,11,16,12,15,-1,16,11,15,11,18,6,20,0,16,1,20,-2,24,-7,22,-10,20,-15,19,-16,17,-15,17,-15,16,-14,18,-13,18,-7,17,-2,15,0,27,-19,10,-7,17,-13,12,-14,13,-20,8,-6,14,-7,14,-15,15,-9,16,-7,15,-6,15,-10,14,-14,11,-12,13,-16,10,-18,7,-8,16,-13,14,-9,16,-9,15,-10,14,-17,11,9,17,7,18,6,19,7,22,19,11,-11,12,-10,12,-10,12,22,12,19,15,15,19,6,18,5,21,5,18,17,7,18,7,17,10,14,13,15,16,7,19,15,13,-9,15,-17,5,-17,7,-17,7,-14,9,-16,11,-14,15,-8,16,-7,15,-12,13,-15,8,-16,7,-17,7,-20,7,-3,9,-6,12,-6,15,-9,18,-6,17,-5,16
-16,14,-17,15,7,21,-2,28,-15,20,-11,23,-9,26,-5,28,-7,24,-7,23,1,29,3,26,-16,12,-16,12,1,22,-2,22,-14,14,-8,17,-8,25,-14,25,-15,21,-16,18,-15,16,-15,14,-13,14,-11,13,-9,13,-9,16,-1,23,11,33,12,34,-11,18,-5,29,-8,22,-10,23,-14,20,-3,26,-4,25,-7,25,1,24,-1,24,1,22,-6,24,-12,23,-4,24,6,12,-14,22,-1,24,-10,24,0,24,-7,25,-2,23,-15,24,2,20,-2,18,-5,18,-7,16,15,26,-20,6,-21,8,-20,9,12,21,9,24,-3,22,-2,25,-7,18,-8,13,-3,13,5,13,5,14,-3,17,3,20,0,27,15,30,-1,20,-11,14,-10,15,-10,16,2,15,-8,19,-6,22,-8,27,-11,27,-15,27,-16,25,-15,23,8,9,-14,22,4,8,4,9,-1,24,-2,23,2,24,4,21
1,31,-1,33,-2,34,-2,34,-3,34,-3,34,-2,34,-3,32,-1,32,1,32,4,32,5,33,5,33,3,34,-1,35,4,34,3,34,3,34,2,34,-1,33,2,33,3,34,1,35,2,35,6,35,6,33,2,34,-1,35,0,34,5,43,18,36,-10,31,-11,31,-12,31,-11,31,-12,30,-11,29,-12,28,-10,28,-7,29,-8,29,-7,30,-9,30,-9,28,-9,31,-10,31,-9,31,-8,30,-8,31,-10,28,-11,30,-9,31,-9,30,3,31,3,30,2,32,6,28,8,28,11,29,10,29,10,30,7,29,7,29,6,30,6,29,6,31,5,33,5,32,4,32,3,32,3,32,3,31,3,30,9,33,-15,28,-17,29,-16,30,-14,29,-11,28,-9,28,-9,31,-7,30,-6,29,-5,30,-7,31,-6,32,-7,32,-8,31,-6,32,-5,32,-4,33,-4,32,-4,31,-4,31
-11,48,-12,50,-11,52,-10,53,-10,53,-10,52,-10,51,-9,51,-6,51,-5,54,-1,54,3,52,6,54,8,55,-9,57,8,55,6,55,4,55,1,55,-4,53,-4,53,-3,55,-7,55,-7,52,4,58,5,56,-7,56,-9,56,-2,55,5,36,20,53,3,49,-1,52,-9,54,-16,55,-18,54,-18,53,-18,53,-15,54,-11,54,-5,50,-6,51,-3,52,-3,50,-1,51,-1,51,0,51,0,50,2,50,2,49,0,49,-1,52,-5,51,-5,46,-6,46,-4,48,-2,46,4,48,6,50,10,51,13,50,13,49,12,49,10,50,6,49,3,51,1,51,1,52,0,52,-1,53,-3,55,-2,49,1,48,9,53,-8,49,-17,53,-18,54,-19,52,-16,52,-14,53,-8,53,-5,52,-3,53,1,54,2,52,5,54,4,54,1,54,1,53,2,53,5,53,6,53,4,53,3,54
-10,68,-15,71,-19,70,-16,70,-14,71,-11,72,-8,73,-6,71,-2,70,3,73,8,73,11,71,15,74,18,74,-17,79,23,72,24,69,23,67,21,67,15,68,11,70,8,75,0,75,-6,75,-8,75,17,79,-11,74,-11,75,-9,73,-4,48,2,64,5,71,-5,72,-19,72,-25,74,-29,74,-30,67,-32,65,-29,63,-28,63,-27,65,-22,69,-16,70,-12,73,-3,76,1,76,7,73,6,69,3,69,-1,68,-4,68,-7,69,-12,69,-5,67,-3,66,0,66,4,66,16,65,17,66,20,68,24,66,29,60,30,60,30,59,27,59,18,64,8,71,2,72,-4,71,-5,70,-6,72,-1,71,1,69,16,73,-14,69,-26,71,-28,74,-30,74,-30,71,-30,66,-29,66,-26,66,-20,68,-13,69,-9,70,-3,75,1,78,6,77,10,75,6,75,5,74,1,73,-1,72,-4,72
8,32,6,34,5,34,4,33,3,34,2,34,1,34,1,33,2,32,2,32,2,32,3,32,2,34,2,34,3,34,-2,35,-1,35,-2,34,-1,34,-1,33,0,34,0,34,0,35,0,35,0,36,-1,35,-2,35,-3,35,-2,34,7,21,11,36,-9,30,-7,31,-6,31,-12,31,-10,30,-6,29,-7,29,-8,28,-8,29,-11,29,-12,29,-12,29,-13,29,-14,30,-14,30,-10,30,-11,29,-13,29,-13,28,-12,30,-12,30,-12,29,12,31,11,30,10,32,10,29,10,29,8,29,9,30,8,30,7,30,7,30,7,30,6,30,8,31,11,32,11,31,9,31,7,32,6,32,6,31,5,30,4,33,-12,28,-12,29,-11,30,-9,29,-7,28,-6,28,-6,31,-5,30,-4,28,-9,29,-11,31,-11,31,-12,31,-13,30,-11,31,-9,31,-8,32,-9,32,-8,31,-7,31
7,55,8,55,12,54,13,54,12,55,9,57,4,57,-1,53,-6,52,-8,56,-11,55,-11,54,-11,55,-9,56,9,55,-10,59,-10,57,-11,57,-10,58,-10,56,-7,57,-4,57,0,60,2,59,5,60,5,58,5,59,2,59,-2,56,5,37,17,52,2,49,-2,51,4,46,2,48,0,50,0,49,0,48,0,47,-2,47,-6,49,-7,50,-8,50,-12,49,-15,51,-19,52,-2,50,-22,51,-18,49,-15,49,-12,50,-7,50,-6,50,22,52,18,50,12,52,-2,47,-1,50,-5,49,-5,49,-5,50,-5,50,-5,51,-3,52,-2,53,3,53,10,55,13,55,15,55,15,54,13,55,10,54,-1,49,-3,54,-7,48,-3,46,-3,49,-4,49,-2,49,-2,49,-2,50,-4,51,-4,53,-7,51,-11,52,-13,53,-15,53,-22,55,-22,54,-18,51,-15,52,-13,52,-9,53,-6,52
15,73,16,74,23,74,27,72,29,68,26,67,-8,72,0,70,-2,71,12,75,6,72,-1,75,-8,79,-14,79,22,74,-16,80,-12,79,-9,79,-6,80,-4,80,0,79,4,79,9,81,11,81,15,82,18,81,21,81,22,80,23,76,-18,57,-1,64,5,69,-4,70,-4,67,8,70,8,69,5,68,1,68,-2,68,-5,67,-8,68,-13,67,-18,68,-23,68,-26,69,-27,72,6,71,7,67,-27,53,-28,54,-28,54,-24,58,-17,64,-3,67,26,60,29,63,3,65,15,66,5,69,-4,73,-9,72,-6,72,-3,72,1,73,4,72,11,74,19,75,23,75,26,76,29,73,30,72,24,66,2,70,4,77,-22,57,-6,67,-1,69,2,69,2,70,0,71,-3,70,-7,70,-11,73,-15,68,-19,70,-22,72,-23,74,-26,72,8,72,-28,62,-27,59,-28,59,-28,58,-24,60
