4,17,-7,-13,-8,-13,-7,-14,5,-14,6,-13,-4,-15,-4,-15,-5,-14,-7,-14,-8,-14,-7,-14,6,-13,5,-14
0,0,0,0,0,0,0,0,0,0,0,0,0,0,0,0,0,0,0,0,0,0,0,0,0,0,0,0
3,7,-3,3,-4,2,-4,3,7,6,6,5,-7,1,-8,2,-6,1,-4,3,-4,3,-4,2,8,6,4,4
2,10,-1,13,-3,11,-2,11,6,21,4,18,-10,14,-9,11,-6,11,-4,12,-4,11,-3,13,9,20,3,21
-1,5,-5,17,-6,17,-6,17,1,24,5,27,-6,24,-9,19,-8,19,-5,19,-6,19,-5,22,0,20,-2,25
-3,6,7,4,6,4,7,4,-9,1,-9,1,9,2,9,3,8,4,9,6,9,6,9,4,-11,1,-8,1
-7,-1,11,17,11,17,12,17,-13,14,-14,14,14,16,12,17,10,17,12,18,12,18,13,17,-19,11,-12,15
-1,7,11,30,12,30,12,29,-8,21,-12,24,7,25,4,24,1,22,13,28,12,28,12,28,-10,19,-11,25
6,-12,10,28,-1,29,-1,28,-1,28,-2,27,-1,30,-4,29,-3,25,-3,28,-3,29,-1,30,-3,30,-3,25
2,3,13,45,12,46,-4,49,7,32,6,33,-5,44,-4,44,-5,42,-10,45,-9,48,-7,50,-12,50,5,32
7,16,29,47,29,45,-4,66,-1,51,3,51,-6,61,-1,58,5,56,-4,62,-11,69,-14,70,-30,65,-1,51
-6,-13,0,30,8,28,10,28,-12,28,-13,27,7,28,5,29,5,25,7,30,6,30,8,30,-12,27,-12,26
-8,6,13,45,13,46,11,47,-13,48,-16,48,-4,43,-3,44,0,43,8,48,9,48,10,50,1,44,-15,47
2,9,29,47,30,45,27,42,-20,69,-25,71,-6,61,0,59,6,58,21,57,24,56,27,53,3,62,-21,66
