7,-15,7,-14,6,-14,6,-14,-5,-15,-5,-15,-4,-15,-4,-15,-4,-15,-4,-15,-3,-15,-3,-15,-4,-15,-5,-16,-5,-15,-4,-15,-4,-15,-4,-16,-3,-15,-4,-15,14,22,-1,35,-32,9,8,-14,7,-14,5,-14,5,-14,1,-15,-3,-14,-4,-14,-4,-15,-3,-15,-3,-14,-3,-15,-3,-15,-4,-15,-3,-15,-4,-15,-5,-15,-5,-14,-4,-15
0,0,0,0,0,0,0,0,0,0,0,0,0,0,0,0,0,0,0,0,0,0,0,0,0,0,0,0,0,0,0,0,0,0,0,0,0,0,0,0,0,0,0,0,0,0,0,0,0,0,0,0,0,0,0,0,0,0,0,0,0,0,0,0,0,0,0,0,0,0,0,0,0,0,0,0,0,0,0,0,0,0
-2,4,-1,3,-1,3,5,3,-2,4,-2,5,0,5,2,4,2,4,2,4,2,4,1,5,1,5,1,5,1,5,1,5,1,4,1,4,0,5,-1,6,9,-13,-4,-5,0,1,-4,4,1,4,-3,5,-2,4,4,-2,2,4,2,4,1,4,1,5,2,5,-2,4,2,4,1,4,0,5,2,5,2,6,1,6,2,6
-2,16,-2,18,-9,14,8,17,-1,15,13,16,0,15,7,17,2,16,4,17,3,18,2,17,1,16,-2,16,0,17,-1,17,-1,17,1,17,1,17,0,18,-4,4,-17,12,-15,14,-1,18,0,18,-8,15,-3,16,6,-4,1,14,3,17,0,16,1,17,0,17,0,14,0,15,1,17,-1,18,4,18,5,18,1,18,5,17
2,24,3,25,-2,25,2,19,-5,20,-5,21,-3,21,-2,23,-1,24,-5,21,-6,19,-6,17,-6,16,-7,17,-4,26,-7,22,-8,20,-8,19,-6,19,-8,18,-7,8,-22,14,-23,24,3,20,3,20,1,22,-1,25,2,-10,-3,20,-2,24,-6,21,-6,19,-7,19,-6,17,-6,17,-3,25,-8,21,-8,19,-6,19,-7,18,-8,17
-3,4,-3,4,-2,4,-9,3,3,4,5,5,4,5,1,5,2,4,2,4,2,4,0,5,0,5,2,5,1,5,2,5,2,5,3,5,3,6,4,6,-3,-8,-17,1,-37,-9,-3,4,-5,4,-1,4,-3,3,-5,0,2,4,0,5,1,5,3,5,0,6,5,4,0,5,0,5,1,6,1,6,2,6,1,6,2,6
-6,17,-6,17,-9,15,-15,14,13,17,13,16,10,18,3,18,2,17,6,17,9,18,2,18,-3,16,2,16,1,18,3,18,3,20,8,19,8,19,10,20,-1,-1,-15,9,-11,13,-6,17,-10,14,-6,16,-7,14,-6,-1,1,16,0,17,2,18,5,19,6,19,12,17,-1,16,0,19,0,22,3,19,5,19,0,18,-1,18
1,20,0,23,-4,25,-6,18,1,21,2,20,0,21,-3,21,-3,26,-3,22,-6,20,-7,17,-6,16,-5,17,-6,28,-6,25,-6,23,-4,24,-2,25,-1,25,-2,3,-19,18,-17,24,2,20,-3,20,0,21,-5,23,-4,-5,-3,19,-5,64,-3,23,-3,21,-4,21,1,20,-4,17,-5,26,-8,24,-9,20,-9,18,-9,18,-8,18
-3,32,-6,30,-6,31,-4,30,-2,31,-1,29,-2,29,-2,29,-4,31,0,34,-6,32,-3,33,-5,30,-7,31,-8,31,-5,30,-3,30,-4,30,-3,29,-5,29,-6,12,-17,22,-13,23,-8,30,-5,32,-7,30,-4,30,2,17,3,31,-1,29,-1,31,0,29,-3,32,-3,32,-2,32,-5,31,-5,30,-5,32,-7,31,-6,33,-2,30
2,49,1,50,-3,52,-9,48,-2,50,-2,46,-5,48,-7,47,-10,49,-1,50,-13,49,1,51,-13,48,-14,48,-13,48,-12,48,-11,47,-10,47,-9,47,-8,47,-18,23,-33,32,-28,35,-1,49,-7,51,-3,48,4,48,6,32,5,46,-5,45,-2,48,-3,47,0,46,1,45,3,47,-9,49,-11,49,-12,47,-13,46,0,50,0,49
-1,67,-5,69,-12,71,-25,64,7,66,9,64,10,60,4,58,2,64,5,70,-13,67,-20,65,-22,64,-20,64,2,57,-6,64,-2,66,2,65,5,65,7,64,-24,45,-37,54,-36,53,-9,67,-27,57,-23,55,3,66,23,44,8,59,-4,63,4,57,7,64,10,63,13,60,18,60,9,57,-1,64,4,68,-13,63,12,68,15,64
-8,32,-8,30,-7,31,-3,30,-2,31,-2,29,-2,29,-4,29,-1,32,-5,33,-1,33,-7,32,-4,30,-4,31,-7,31,-4,31,-3,30,-4,30,-3,29,-5,29,-1,11,-14,19,-14,21,-9,30,-3,32,-6,29,-7,29,-6,16,-4,31,-4,30,-4,32,-1,29,-3,32,-4,32,-5,32,-5,31,-3,31,-4,33,-4,32,-6,33,-5,30
-15,49,-8,50,-5,50,3,45,-13,47,-12,47,-11,50,-10,48,-6,51,-13,47,2,51,1,52,1,51,-2,52,-15,49,-14,50,-16,49,-17,47,-16,47,-15,47,-4,28,-27,36,-28,36,-12,49,2,46,-4,47,-13,46,-12,28,-10,46,-10,47,-7,50,-10,49,-12,48,-12,46,-12,50,-11,51,-7,51,-2,51,-1,52,0,51,-3,49
-26,53,-26,53,-11,69,1,64,-3,64,-13,68,-14,71,-8,70,-1,69,-6,64,10,69,-20,66,17,65,17,61,-11,67,2,62,-3,67,-11,67,-17,69,-21,69,-23,43,-36,52,-35,52,-29,52,-2,65,-10,64,-28,54,-12,46,-9,64,-5,65,2,65,6,63,-3,66,-12,68,-17,67,-6,67,0,67,4,68,8,68,12,68,15,64
