-2,-15,6,-15,9,-15,9,-15,7,-15,7,-15,7,-15,1,-16,-2,-17,-1,-17,1,-16,-1,-16,-2,-16,-3,-16,-2,-16,-4,-15,-3,-14,-4,-14,-8,-20,-13,-1,-14,-4,6,-15,10,-13,11,-12,6,-15,7,-14,7,-15,8,-15,6,-14,5,-14,5,-15,-6,-14,-4,-15,-3,-15,-2,-16,-2,-16,-3,-17,-4,-16,-3,-16,-3,-16,-6,-15,-4,-4,-6,-14,-5,-15,-6,-14
0,0,0,0,0,0,0,0,0,0,0,0,0,0,0,0,0,0,0,0,0,0,0,0,0,0,0,0,0,0,0,0,0,0,0,0,0,0,0,0,0,0,0,0,0,0,0,0,0,0,0,0,0,0,0,0,0,0,0,0,0,0,0,0,0,0,0,0,0,0,0,0,0,0,0,0,0,0,0,0,0,0,0,0,0,0,0,0,0,0
-2,2,-3,2,2,5,1,4,0,4,-1,4,-3,4,7,6,0,3,6,1,6,1,5,1,2,1,1,2,4,4,1,3,2,4,1,3,-5,-2,-2,7,3,-1,-6,2,-4,2,-1,4,5,6,5,7,5,4,4,2,-2,3,1,3,1,3,-1,2,2,3,2,3,3,5,3,4,-2,5,6,5,-4,2,-5,3,-6,2,-1,0,0,1,-1,4,0,3
9,13,-2,11,8,14,7,15,2,16,-2,17,-6,17,7,15,0,13,18,5,19,6,19,8,12,8,-9,16,8,15,2,17,1,15,0,14,-6,4,2,-9,-1,5,-12,14,-8,15,5,20,7,16,8,16,8,15,6,14,-7,14,-1,15,0,15,-3,11,2,17,2,14,1,21,-4,16,-9,15,7,15,-12,13,-12,13,-12,13,4,21,-4,17,-4,15,1,19
2,15,2,10,12,10,9,11,6,14,3,17,1,21,0,15,24,12,27,10,30,11,28,12,24,12,5,17,-6,18,-7,19,-4,22,-7,23,-7,1,-7,-8,17,26,-2,20,-7,24,11,23,1,12,3,14,10,17,6,24,2,19,0,26,1,26,-6,19,-3,26,-5,22,-8,18,-8,14,-11,10,0,9,-3,0,-2,12,-8,22,-8,20,-11,20,-2,1,-10,21
1,4,3,4,-7,1,-3,2,-4,3,-4,3,-3,4,-8,2,3,3,-4,5,-5,4,-4,3,-3,3,-1,4,-2,5,1,4,0,4,0,4,-6,-2,-4,3,1,1,3,4,0,4,-3,3,-7,1,-8,2,-7,1,-5,2,0,3,-4,2,-3,3,1,3,1,5,0,4,1,5,1,3,3,4,-3,3,4,2,8,1,6,2,-2,0,-1,2,-4,7,-2,2
-2,14,6,12,-19,3,-13,10,-6,14,-8,15,-5,16,-17,7,15,6,-6,13,-7,14,-8,14,-10,14,-9,16,-2,17,3,19,-2,17,-1,16,-5,37,2,-7,-5,8,0,16,-3,17,1,18,-16,4,-16,6,-15,7,-11,11,-2,15,-9,15,-4,15,4,14,5,19,1,16,3,22,-7,17,-9,13,-13,15,-12,13,7,11,6,13,-7,16,-5,18,-6,24,-8,18
3,15,11,11,11,11,5,11,2,15,0,18,1,21,-8,9,25,12,-5,7,-2,9,-1,12,-1,17,2,17,-4,19,-7,21,-2,22,-6,23,-6,38,-1,-12,17,18,3,21,2,24,9,22,-7,7,-7,8,-5,10,-3,21,3,19,-5,25,-4,25,0,19,-2,22,-5,22,-9,18,-11,13,-11,10,-11,8,-5,6,-4,12,-2,21,-7,27,-3,30,0,30,-3,-1
2,22,3,22,-10,30,-5,32,-6,33,-6,32,-6,29,-6,32,2,34,1,33,7,32,3,31,-1,32,-3,32,2,32,-1,31,0,33,-6,30,-10,27,-4,11,24,25,-11,31,-3,27,1,30,-11,30,-8,31,-1,32,0,30,-5,30,-4,29,-5,29,-2,27,-1,28,0,29,-1,29,0,29,-4,33,2,32,2,32,-5,31,-7,30,-2,31,-5,36,8,34,-3,39
5,38,6,39,2,47,2,50,1,51,-1,51,-2,51,-14,53,-7,48,-7,48,14,51,11,51,-9,49,-11,50,-4,50,-5,51,0,54,-15,51,-5,44,10,29,9,39,-13,53,13,46,3,50,-20,48,-20,50,2,48,3,47,-9,52,0,47,1,49,-11,48,-6,48,-4,49,-10,48,-11,46,-12,46,2,52,4,50,3,48,-15,49,-5,50,-17,63,2,55,-12,69
12,57,6,58,6,69,10,72,2,73,-2,73,-6,72,-27,71,-3,68,-10,68,30,67,-17,68,-16,68,-14,69,6,66,3,71,6,73,-16,75,12,62,19,47,14,59,-15,71,15,54,-7,70,-29,60,8,66,10,65,8,65,-27,61,-24,62,-14,61,-11,69,11,58,6,62,3,65,-2,64,-12,65,16,70,18,67,20,64,-21,68,-2,68,0,-2,2,69,12,67
-4,22,8,21,-16,28,-15,31,-10,32,-12,32,-9,29,-3,32,9,34,3,32,0,32,-2,31,-4,32,-3,32,-2,31,-4,31,-4,33,-1,30,-8,27,-5,11,16,23,0,31,1,27,-2,30,-9,29,-8,31,-8,32,-7,31,-2,30,-6,29,-6,29,1,27,-1,28,-1,29,2,29,1,29,1,33,-5,33,-5,32,-6,30,2,30,-3,30,-5,37,3,35,-8,39
-5,39,1,39,1,47,-21,50,-2,50,-10,51,-5,50,4,49,13,52,14,50,-7,50,-8,51,-10,50,4,53,-7,52,-12,52,-14,52,0,51,-4,44,9,29,1,39,-2,54,17,45,-2,50,1,44,2,50,-18,50,-11,50,3,46,-1,47,1,48,1,50,-10,49,-8,50,-5,50,-1,50,1,53,2,52,3,51,6,48,7,48,-13,49,-16,62,-2,55,-11,66
-4,58,-2,57,6,70,7,70,2,71,-3,70,-25,62,6,68,25,70,28,68,-14,67,-16,67,-16,69,-13,69,-3,70,1,71,-4,72,8,73,8,63,23,48,14,59,-8,70,22,55,-8,69,4,64,9,67,-26,56,-25,57,3,65,-3,65,-7,64,19,59,-6,68,-1,68,13,63,11,67,13,69,16,70,17,67,19,64,20,64,-9,69,0,-2,5,69,-7,89
