-2,1,-3,-14,-3,-14,-1,-16,-3,-15,-2,-15,-1,-16,-1,-14,-4,-1,-2,-16,-3,-17,-4,-16,2,-18,6,-17,-1,-15,0,-17,0,-15,2,-15,2,-15,0,-15,-1,-16,3,-18,2,-16,3,-14,-1,1,2,-16,4,-14,-2,-15,-1,-15,-2,-15,2,-16,-2,-16,-1,-15,-1,-15,-1,-14,-2,-15,0,-15,0,-15,0,-14,-1,-16,-2,-14,0,-14,1,-15,-1,-15
0,0,0,0,0,0,0,0,0,0,0,0,0,0,0,0,0,0,0,0,0,0,0,0,0,0,0,0,0,0,0,0,0,0,0,0,0,0,0,0,0,0,0,0,0,0,0,0,0,0,0,0,0,0,0,0,0,0,0,0,0,0,0,0,0,0,0,0,0,0,0,0,0,0,0,0,0,0,0,0,0,0,0,0,0,0,0,0
3,13,5,1,4,0,6,0,6,2,4,1,3,1,0,2,1,1,3,1,7,0,-4,1,4,2,1,1,-3,2,-4,-18,-3,1,-4,2,-3,2,-4,4,0,5,-3,4,-3,2,1,-1,-2,3,-1,-1,-2,0,5,0,6,-1,6,-2,-1,3,-5,0,5,1,4,2,4,1,4,0,-4,2,-6,3,6,3,-3,1,2,2,-6,6,-6,4,6,3
6,9,9,9,8,8,9,7,6,13,5,11,4,14,0,14,1,12,7,13,9,11,-1,11,7,13,0,3,-11,16,-11,-5,-11,15,-10,15,-9,16,-5,16,-4,19,8,1,5,5,10,-2,7,15,-5,9,-4,-7,9,10,10,11,9,9,11,8,-6,12,5,12,4,11,6,11,4,9,-8,13,-8,13,10,16,-4,14,5,12,-8,19,-9,18,9,15
-2,12,2,12,2,6,4,8,4,21,3,21,6,25,1,23,1,19,6,19,6,16,-8,16,6,14,2,16,1,19,0,-1,1,18,1,19,3,19,5,17,9,21,11,-1,8,1,12,-6,1,19,0,-2,6,1,3,11,2,11,3,9,8,1,-12,18,0,19,-1,18,2,20,2,19,9,16,9,15,3,18,7,20,3,23,3,23,4,23,3,22
-3,3,-4,3,-5,4,-5,3,-5,2,-2,3,-3,2,-1,3,-2,1,-6,4,-7,1,3,0,-5,-15,0,-13,-2,2,3,-1,-1,2,3,1,3,2,-3,3,0,4,0,-1,2,-1,-3,-3,-2,14,-2,-1,1,0,-5,1,-5,1,-6,1,-3,1,6,-2,-4,2,-2,2,-4,2,-3,2,5,1,5,3,-5,2,3,2,-2,2,6,3,6,3,-6,3
-7,18,-10,16,-12,17,-9,15,-7,15,-4,15,1,17,-3,17,-5,15,-7,14,-9,13,10,6,-8,-6,-1,4,-11,16,-10,-4,-10,15,1,12,3,13,-7,15,0,17,7,0,9,-1,10,-4,4,19,6,2,6,2,9,11,-8,11,-11,12,-1,9,8,9,-7,15,-6,12,-6,14,-5,14,9,15,6,17,-10,12,-8,11,-2,13,10,13,9,15,-9,17
-14,15,-2,10,-3,3,-3,22,-7,24,-5,24,-1,28,1,21,-2,18,-2,20,-4,18,-3,16,-2,12,3,14,4,13,3,-1,2,17,6,17,9,18,0,17,7,20,10,-2,9,-5,12,-7,1,21,3,2,4,4,-9,15,-4,11,-1,10,6,4,-12,19,-6,21,-3,20,-5,22,-4,21,-1,16,-2,15,-3,16,-1,17,3,16,8,20,9,21,0,22
1,28,8,28,7,28,7,26,6,27,6,27,8,27,-1,27,7,27,7,28,9,26,3,26,-6,12,-2,12,-5,27,-1,13,-1,32,-3,31,-4,27,-3,28,-4,27,-4,15,-5,12,0,14,-6,25,-5,11,-5,9,1,23,6,28,5,26,6,25,5,24,8,25,8,25,7,24,8,26,-7,24,-8,23,-6,26,-6,24,-5,26,-4,29,-4,29,-3,27
-5,45,12,49,-5,46,-3,44,2,45,0,45,8,46,-2,49,7,45,8,45,1,43,0,44,-6,32,5,31,4,45,5,28,4,48,4,48,5,46,3,42,1,44,-3,29,-7,27,5,27,0,46,-7,33,-5,33,-6,44,12,49,10,48,10,47,-2,40,11,45,12,45,12,47,10,46,-12,45,-13,47,-12,50,-11,48,4,48,6,49,4,49,2,50
-5,63,-10,64,-10,63,-6,61,-2,60,5,61,15,61,-5,67,-8,63,28,45,23,43,18,45,-25,28,-17,28,-8,60,6,46,10,64,10,64,8,63,1,60,-4,61,-14,44,-18,42,4,45,6,63,-27,34,-27,31,-2,62,26,63,-10,62,29,49,-4,61,20,62,24,63,29,62,31,55,-27,64,-31,58,-31,53,-30,47,-12,65,-1,67,5,69,7,69
7,27,0,30,0,29,3,26,0,28,3,28,1,28,0,28,-2,27,0,29,1,28,5,25,-3,12,0,11,-8,26,-6,12,-5,31,-3,30,-3,26,-4,27,-3,26,0,15,2,13,-4,13,-8,25,-3,13,0,12,2,23,-1,29,0,26,1,26,1,24,2,27,3,25,1,26,1,28,-1,25,-5,24,-7,25,-6,24,-8,26,-5,28,-4,29,-7,26
14,48,12,49,10,48,9,48,-3,45,0,47,-4,47,-2,49,-3,47,-3,45,-2,45,0,45,6,27,6,29,-8,44,-13,27,-11,45,-9,45,-7,45,-7,42,-1,43,4,27,6,26,-10,29,-12,48,4,32,5,33,10,47,-4,49,10,48,-3,48,-4,42,-5,46,-4,47,-3,50,-3,51,4,45,1,45,2,49,1,47,-12,47,-13,48,-11,48,-11,47
27,63,-9,64,29,51,30,46,-2,62,18,48,10,60,25,61,-9,64,-5,63,1,62,6,62,8,47,6,46,-15,59,-22,40,-27,56,-27,48,-25,45,-26,40,-19,43,-10,40,-2,42,-22,43,-30,56,10,47,9,48,21,64,-7,65,-10,62,-7,62,-5,61,6,62,-1,65,-6,67,-9,65,1,64,6,64,9,65,6,65,-22,65,-24,63,-27,60,-28,52
