-2,-14,0,-13,-2,-13,4,-15,3,-14,0,8,-7,16,-1,1,2,-14,-1,-15
0,0,0,0,0,0,0,0,0,0,0,0,0,0,0,0,0,0,0,0
4,1,2,2,-4,2,-1,2,0,2,3,-1,5,-5,9,-17,4,4,6,3
4,5,1,14,-2,14,2,16,3,14,3,1,3,1,7,-14,2,14,3,11
4,-5,4,22,0,24,10,25,9,25,3,8,-4,13,0,5,-1,25,-2,23
-1,0,-4,1,3,2,0,2,-2,3,2,-13,-9,0,-1,-18,-4,2,-5,1
0,4,-7,13,7,14,-1,15,-2,15,-6,-2,-11,5,-10,0,-9,13,-8,11
5,-3,-4,21,8,25,5,24,2,24,1,-18,-3,15,-11,0,-13,25,-13,22
4,19,0,25,3,25,3,27,3,28,-1,9,-10,16,-1,0,-4,27,-2,27
3,42,1,43,9,42,9,44,10,45,2,28,-8,34,-4,23,1,44,2,45
-16,51,-4,59,25,52,17,61,18,61,3,45,-29,42,-11,41,4,62,1,65
-5,20,-8,23,4,25,0,27,-2,28,-10,7,-16,16,-11,1,-10,26,-10,26
1,42,0,40,-2,41,-5,45,-6,46,-12,30,-10,34,-5,22,-12,45,-12,43
-1,61,-13,52,-4,60,-3,64,-7,64,-23,44,-12,54,-22,32,-25,61,-20,60
