-10,-15,-9,-14,-10,-14,-8,-15,-8,-15,-8,-15,-8,-15,-7,-16,-7,-16,-6,-16,-7,-16,-11,-15,-3,1,32,30,9,-14,8,-14,10,-14,9,-14,10,-15,9,-14,9,-15,8,-15,9,-15,9,-15,-10,-14,-10,-14,-9,-14,-9,-15,-8,-15,-8,-15,-7,-16,-7,-15,-8,-16,-8,-15,-7,-15,8,-15,7,-15,9,-15,8,-16,8,-15,8,-15,9,-14,8,-14,8,-15,8,-16
0,0,0,0,0,0,0,0,0,0,0,0,0,0,0,0,0,0,0,0,0,0,0,0,0,0,0,0,0,0,0,0,0,0,0,0,0,0,0,0,0,0,0,0,0,0,0,0,0,0,0,0,0,0,0,0,0,0,0,0,0,0,0,0,0,0,0,0,0,0,0,0,0,0,0,0,0,0,0,0,0,0,0,0,0,0,0,0,0,0
-1,4,-1,5,-1,6,1,6,0,4,-2,5,-2,6,-1,6,0,7,-1,6,-2,6,-1,-1,-7,-37,29,1,-7,3,-7,4,-7,4,-7,6,-2,4,-3,3,-1,4,1,4,1,4,0,4,0,6,-1,5,0,6,-1,6,0,5,-2,5,-1,6,0,5,7,4,7,4,9,4,-5,5,-4,4,-3,4,-3,4,-5,4,-5,5,-3,5,-2,5,-1,6,-1,4
1,15,3,17,0,17,15,16,16,16,1,18,1,21,1,21,0,23,-3,18,-3,18,12,-4,10,1,20,15,0,14,-21,14,-18,18,-12,21,-4,22,-1,21,2,20,3,20,3,19,3,20,1,19,2,17,4,19,3,18,2,17,2,17,2,17,2,19,18,13,19,14,19,15,-7,20,-6,20,-9,20,-19,14,-16,16,-11,20,-5,21,1,24,6,21,10,19
-7,20,-4,23,-2,25,-3,27,8,24,8,25,-7,30,-6,31,-3,35,-7,29,-9,27,3,0,5,4,22,12,-6,26,-22,32,-14,36,-8,34,7,30,10,26,12,23,13,22,14,25,13,27,-6,23,-2,24,1,27,-9,20,-7,20,-5,22,-1,26,-1,30,14,26,16,28,16,27,6,22,4,25,-2,29,-17,31,-13,34,-5,33,4,31,11,29,16,25,19,21
7,4,8,4,7,4,5,5,7,4,8,4,8,5,7,5,4,6,4,7,5,7,-5,2,-4,8,-4,1,3,4,1,4,-2,4,-1,5,-2,4,-4,3,-5,3,-4,4,-4,4,-3,4,7,5,7,4,6,5,6,6,7,5,6,4,6,5,5,5,-2,4,-5,4,-5,3,1,4,0,4,-2,4,-1,3,-1,4,-1,5,-3,4,-4,4,-3,4,-3,3
18,15,18,17,14,18,4,22,3,21,16,17,15,19,11,21,2,25,5,23,8,23,1,14,-3,14,-6,36,3,17,0,16,-3,16,-3,18,-6,19,-7,18,-9,17,-8,18,-3,17,-1,18,3,21,4,21,7,21,12,24,16,19,15,17,10,21,7,22,-2,21,-5,20,-4,18,-5,19,-4,17,-6,17,-2,15,-1,15,-3,18,-6,18,-6,18,-2,18,4,16
10,23,14,32,10,30,-6,29,-7,28,-8,28,-8,31,-7,32,-6,37,-3,31,4,34,14,31,14,28,13,47,11,21,8,23,4,25,1,28,2,28,3,24,-4,29,-2,30,5,23,9,25,-8,24,-4,26,1,29,5,26,9,26,8,28,2,27,-3,33,-10,25,-11,23,-12,21,5,22,2,23,-3,27,10,21,7,24,4,26,0,28,3,26,8,23,13,20
9,31,8,32,6,33,3,33,1,33,-1,34,-2,38,-3,36,0,35,1,35,-1,34,-7,-39,-8,-35,-6,3,-10,33,-9,33,-9,35,-11,32,-9,31,-8,32,-7,34,-5,36,-2,32,-1,35,8,31,6,30,7,34,9,32,9,32,9,32,7,33,8,30,5,31,3,32,1,33,-10,29,-13,30,-12,30,-7,31,-5,35,-8,32,-7,31,-10,33,-6,33,-5,33
20,51,15,54,9,54,-7,50,-7,52,-8,53,-7,56,-8,53,-7,55,-4,55,3,56,-6,-40,-7,-37,-6,36,5,49,3,51,0,53,-5,53,-15,55,-16,53,-16,55,-13,56,-7,56,-1,57,-2,47,-1,49,4,53,20,51,22,52,16,54,10,54,4,53,-7,48,-9,48,-8,48,5,46,-21,51,-15,54,6,49,5,52,1,54,-1,52,-9,56,-14,56,-15,53
30,58,31,58,28,57,1,71,-8,74,-12,74,-10,77,-6,75,0,75,7,74,13,76,28,23,26,21,14,47,1,71,-2,71,-9,71,-16,71,-29,71,-29,65,-28,60,-27,57,-25,54,-23,56,5,68,8,68,14,69,6,70,1,72,30,60,9,71,23,59,6,65,-3,69,-8,70,-3,66,-25,70,-8,69,5,72,0,72,-8,72,-14,71,-22,72,-27,73,-29,65
11,32,10,33,9,33,10,33,8,32,6,34,5,38,2,36,2,36,2,35,0,34,32,10,26,5,-8,-1,-9,33,-10,33,-10,35,-10,32,-5,32,-3,32,-1,34,-1,35,2,32,2,34,15,31,14,29,11,35,11,33,10,33,8,33,9,34,10,30,9,32,7,32,5,33,-8,29,-7,30,-5,30,-12,30,-9,34,-9,31,-7,30,-7,33,-3,33,-2,33
-3,50,0,53,2,56,18,57,18,55,14,57,10,60,3,60,-6,57,-11,56,-14,54,0,14,-3,13,-5,36,3,49,-18,53,-11,54,-7,52,6,50,7,50,7,51,7,52,9,50,9,49,24,51,18,53,10,54,-4,50,-4,51,-3,52,-1,54,4,55,15,57,16,54,16,53,5,45,4,47,2,50,-19,51,-13,53,-6,54,-3,51,5,50,8,49,7,49
3,69,7,72,13,73,29,76,26,61,28,64,28,63,26,64,15,65,6,70,-2,74,14,31,15,29,13,47,0,69,-32,56,-31,54,-25,57,-8,66,2,70,10,71,13,72,11,70,5,70,5,68,31,58,16,71,6,71,1,73,3,73,11,72,17,72,30,72,29,68,32,66,-3,65,-4,68,-8,69,-24,48,-29,54,-25,55,-19,58,-11,63,0,69,9,70
