-8,-15,-7,-14,-8,-16,-7,-16,-6,-16,-4,-16,-6,-16,-4,-16,7,-16,7,-16,6,-16,2,-16,4,-16,3,-16,5,-17,5,-17,4,-16,3,-16,2,-15,3,-15,-9,-14,-9,-16,-9,-15,-8,-15,-7,-16,-7,-16,-6,-16,-5,-16,-5,-16,-5,-16,-4,-15,5,-16,6,-15,6,-17,5,-17,4,-17,3,-16,3,-18,3,-16,2,-16
0,0,0,0,0,0,0,0,0,0,0,0,0,0,0,0,0,0,0,0,0,0,0,0,0,0,0,0,0,0,0,0,0,0,0,0,0,0,0,0,0,0,0,0,0,0,0,0,0,0,0,0,0,0,0,0,0,0,0,0,0,0,0,0,0,0,0,0,0,0,0,0,0,0,0,0,0,0,0,0
0,5,1,5,-1,5,-3,6,8,7,6,4,4,4,-2,7,-4,4,-1,4,2,5,2,5,1,6,1,5,1,4,2,5,3,5,1,6,2,4,1,3,1,5,-1,5,0,6,-1,7,2,3,0,4,9,6,4,6,-2,5,-2,6,-4,7,1,3,1,3,3,5,3,7,2,6,3,9,2,9,1,6,1,5
2,17,2,18,2,15,1,16,11,20,11,17,4,17,0,20,-17,16,-14,19,1,15,-3,18,-2,22,0,21,-3,21,-3,22,-3,21,-1,20,3,16,0,15,2,17,3,17,4,18,4,18,5,16,3,16,13,17,6,19,0,18,-1,18,-1,21,-16,17,-15,22,3,23,4,23,0,23,0,25,-4,22,-5,24,0,19
-2,22,0,25,-2,21,-6,15,7,27,4,26,0,28,-6,28,-14,30,-9,35,4,23,2,30,8,21,8,20,9,19,8,22,7,25,5,28,5,27,4,23,-6,17,-5,17,-4,20,-1,23,2,26,-5,16,-6,15,6,30,-1,27,-3,30,-8,29,-14,34,-10,38,14,19,13,20,11,23,8,26,6,27,3,32,3,32
6,6,6,6,6,6,8,6,-3,7,-1,5,-2,5,6,6,2,3,-5,5,-6,6,-4,4,-5,7,-6,7,-3,5,-5,8,-4,7,-5,5,-2,5,-2,4,5,6,9,7,5,6,6,5,3,6,7,6,-3,4,2,6,5,5,6,5,7,6,-4,4,-3,5,-7,9,-5,6,-4,6,-5,7,-6,6,-3,6,-2,4
12,25,12,24,9,23,-1,19,-4,20,-2,21,-4,18,13,17,-1,13,-9,17,-10,18,-10,17,-6,20,-7,20,-6,19,-8,20,-6,20,-6,20,-4,18,-6,17,6,19,14,33,11,24,10,20,9,20,8,17,-6,17,8,17,5,22,13,16,15,17,-4,14,-5,15,-6,22,-7,21,-6,21,-7,21,-9,19,-6,21,-4,19
-2,23,1,27,-1,22,-4,15,0,25,-4,30,-5,29,2,23,7,16,5,19,-6,28,-3,28,3,21,4,20,7,19,4,22,5,24,1,28,2,28,3,22,-4,18,-4,18,-2,22,0,24,1,28,-3,17,-5,15,0,23,-1,31,5,23,-7,30,5,15,4,20,8,20,3,20,5,23,3,25,1,27,1,31,1,31
6,32,7,31,8,28,8,33,9,32,9,30,7,30,4,31,-6,33,-6,34,-7,34,-9,29,-8,34,-8,36,-3,36,-3,38,-3,36,-5,33,-3,33,-3,34,8,33,7,33,6,33,7,32,11,28,11,33,12,33,11,34,2,34,3,32,6,31,-8,33,-9,34,-6,36,-7,36,-4,35,-5,35,-6,35,-6,35,-5,34
-2,47,1,49,6,47,17,50,12,53,10,53,4,52,0,50,6,51,4,53,1,52,-2,51,-16,55,-16,55,-15,55,-12,57,-9,57,-6,56,3,53,3,53,-3,48,-2,48,-1,50,0,50,6,48,20,51,18,52,16,53,-3,52,-4,52,3,52,4,51,1,53,-18,56,-18,56,-16,59,-13,59,-9,57,0,56,4,57
0,63,5,65,11,63,26,56,28,53,-4,68,22,48,18,49,4,69,0,70,-5,69,-11,67,-31,72,-32,68,-30,61,-29,58,-27,54,-23,51,0,70,-16,55,2,64,-1,68,0,68,5,67,11,64,28,57,31,55,32,53,-4,69,0,69,22,48,2,69,-3,71,4,69,-29,56,-30,54,-29,51,-27,45,-2,74,-15,57
12,32,9,31,11,29,6,33,1,32,3,30,3,31,4,31,-8,33,-9,34,-10,33,-11,29,-4,34,-3,36,-4,35,-6,38,0,36,-3,33,-5,33,-7,33,16,32,15,34,12,33,13,31,11,29,5,34,4,34,4,34,5,34,7,32,6,30,-12,32,-11,33,-7,36,-5,36,-7,35,-4,34,-3,34,-5,34,-8,34
19,52,2,49,4,48,-8,49,-4,52,-3,53,-5,51,-3,54,-15,51,-12,53,-6,52,-6,50,8,49,8,51,7,52,5,54,6,52,6,50,3,53,0,54,26,51,24,51,20,54,16,55,5,49,-6,51,-3,54,-1,54,-3,52,9,52,-2,54,-16,51,-12,53,10,50,8,53,4,54,4,54,4,52,-2,56,-3,58
32,52,6,63,28,49,0,67,-7,69,-4,69,-2,68,5,67,-29,51,-30,49,-26,48,-22,48,-5,67,3,69,11,71,13,72,10,69,5,69,-17,53,-7,70,3,64,26,51,31,51,34,48,12,65,-1,68,-5,71,-5,70,-4,68,0,69,6,68,-30,49,-30,49,3,69,9,74,10,73,8,75,4,73,-20,51,-10,75
