-9,-15,-6,-15,-10,39,-4,-15,-4,-18,9,-15,10,-17,4,-18,-4,-14,-8,-1,-7,-14,11,-13,6,-14,8,-16,6,-16
0,0,0,0,0,0,0,0,0,0,0,0,0,0,0,0,0,0,0,0,0,0,0,0,0,0,0,0,0,0
-1,1,-1,4,-8,-18,2,3,-1,1,-1,3,6,6,0,-3,1,4,-5,2,-2,2,3,2,0,2,-2,1,1,4
1,10,3,16,-4,-6,7,15,14,6,-7,10,6,15,-9,17,4,17,-2,23,1,17,-6,14,-14,13,-13,8,-2,12
-4,11,-1,24,-7,12,12,25,19,18,-7,24,4,13,2,27,-2,23,-4,40,7,30,4,20,-7,26,-13,22,-8,22
1,0,4,4,-7,-29,-1,3,-3,0,-1,0,-12,2,-3,0,1,2,-5,2,-1,2,-7,1,0,2,1,3,-2,3
15,3,9,18,-5,-3,2,15,2,16,-5,7,-14,17,-11,16,7,18,6,19,8,17,-9,13,-7,14,-4,13,-13,13
1,2,5,24,5,-2,3,25,-10,15,0,7,-6,18,-3,23,-3,24,-3,0,8,31,0,18,-6,25,3,19,-11,17
6,26,5,29,-1,1,5,29,1,22,-10,23,-10,22,-12,26,5,29,8,34,1,30,-11,24,-15,29,-11,25,-11,25
-7,43,-3,48,-10,23,-1,50,8,48,-2,43,2,40,-1,47,14,51,-8,51,-3,50,-1,44,-8,49,2,44,-2,46
-8,66,-10,70,-9,43,4,71,19,67,-7,66,1,63,-4,71,-11,68,-10,71,0,70,-3,69,-14,70,3,69,-7,69
13,24,8,29,-3,-1,1,29,2,23,-12,23,-13,22,-13,26,5,29,-2,34,1,30,-13,23,-14,29,-14,25,-16,24
18,46,-3,49,-8,22,-1,50,2,54,-15,45,-20,45,-13,51,-5,48,-9,51,-5,51,-15,47,-8,48,-16,47,-14,48
-8,65,-10,71,-5,-32,4,71,18,67,-31,45,-1,64,-33,52,-11,69,-10,72,0,72,-3,68,-14,69,1,69,-34,44
