-7,-13,0,-10,1,1,0,0,0,0,0,0,3,28,0,0,5,-35,4,28,-6,-13,-6,-13,-5,-13,-3,-15,-1,-11,5,-13,-1,2,6,-14,5,-13,6,-14,4,-13,3,-14,-8,-12,-7,-13,-7,-12,-7,-12,2,-13,2,-13,1,-13,3,-13
0,0,0,0,0,0,0,0,0,0,0,0,0,0,0,0,0,0,0,0,0,0,0,0,0,0,0,0,0,0,0,0,0,0,0,0,0,0,0,0,0,0,0,0,0,0,0,0,0,0,0,0,0,0,0,0,0,0,0,0
7,1,-3,-7,-5,3,-4,-3,-12,-22,-4,-2,-8,3,-11,-24,2,-37,-6,3,9,0,8,0,9,0,8,0,9,1,-7,2,-7,2,-6,3,-6,2,-6,2,-7,2,-9,3,6,0,8,1,8,1,8,3,-5,2,-7,4,-8,4,-7,4
14,11,0,-10,-11,11,-8,-1,-17,-15,-17,-13,-14,14,-17,-14,-12,-49,-11,13,18,10,17,10,17,9,15,7,16,10,-13,13,-11,12,-14,11,-14,10,-13,9,-14,10,-15,11,17,9,17,10,16,10,15,13,-10,14,-11,15,-11,15,-10,14
8,18,3,-1,-10,21,-5,6,-17,-2,-17,-2,-14,25,-17,-3,-13,-39,-12,24,17,20,16,20,16,20,15,21,15,20,-4,15,-5,18,-8,19,-8,18,-8,17,-9,18,-10,19,20,18,19,19,17,21,14,24,-1,14,-4,16,-6,19,-6,23
-6,3,4,-3,-7,3,-5,-1,-6,-2,-4,-1,0,26,-5,-2,2,-37,-5,6,-5,3,-6,3,-5,3,-3,2,-4,3,5,3,-5,5,-8,3,-8,3,-7,3,-8,3,7,1,-5,3,-5,3,-4,2,-4,3,6,1,6,2,6,3,8,2
-7,14,2,-6,6,26,-1,0,0,0,0,0,3,28,-18,-14,-12,-49,-11,13,-7,15,-8,15,-8,16,-7,15,-5,15,5,14,-11,14,-14,12,-14,10,-13,9,-14,9,12,10,-10,15,-8,14,-6,13,-5,15,6,11,7,11,9,10,11,10
-10,23,2,0,-8,20,4,-1,3,-2,4,-1,-12,25,-16,-3,9,-37,-12,24,-9,17,-6,13,-6,13,-5,18,-5,22,4,17,-5,18,-7,19,-7,19,-7,18,-8,18,11,11,-16,19,-14,17,-11,16,-10,18,5,18,7,16,9,16,13,18
9,26,-5,-15,-1,26,-8,0,-8,0,-7,1,-4,28,-8,0,-3,-35,-2,29,12,25,11,24,12,25,10,22,9,23,-6,26,-5,22,-3,25,-4,26,-2,26,-3,25,-4,27,8,27,8,27,7,26,7,27,-4,26,-4,27,-4,26,-2,26
8,45,-1,2,-5,43,-10,19,-9,18,-7,18,-3,46,-5,18,1,-17,1,47,7,42,5,41,7,43,7,41,5,41,-6,42,-4,42,0,44,1,44,2,43,1,43,1,45,0,42,0,40,3,43,2,43,-5,42,-5,43,-3,44,0,43
19,56,-1,17,-12,55,-18,29,-17,27,-15,27,-8,57,-10,32,-1,0,-2,65,7,58,5,56,2,57,1,55,4,55,-15,48,-12,47,-2,60,-1,62,5,65,5,63,5,64,-2,57,-3,57,-3,56,-1,58,-13,49,-14,49,-12,49,-9,50
1,26,0,-16,6,26,0,1,0,0,0,0,3,28,0,0,5,-35,5,29,6,26,5,26,4,27,4,24,4,24,3,26,3,21,3,25,3,26,4,26,4,26,3,28,3,27,2,27,2,26,1,27,4,26,4,27,4,25,5,25
-5,43,0,1,10,45,3,20,3,18,2,18,4,47,0,19,4,-17,2,47,7,45,6,43,8,46,7,43,4,43,5,43,6,41,2,43,0,44,0,42,0,42,-1,43,4,46,5,47,4,46,2,46,7,43,9,43,8,42,8,42
-2,60,-10,6,9,62,1,35,0,33,-1,33,2,61,-4,34,1,-1,-2,63,13,65,14,65,16,63,17,59,15,58,4,59,3,57,-1,59,-6,60,-5,57,-8,56,-10,54,11,66,13,67,15,66,15,63,11,59,9,59,6,57,5,56
