-3,-17,-3,-17,-3,-18,-2,-18,-3,-17,-4,-17,-5,-16,-5,-16,-3,-17,2,-17,0,-17,1,-18,-2,-17,3,-18,0,-16,0,-17,2,-16,2,-17,-3,-17,-3,-18,-3,-18,-2,-17,-2,-17,-1,-18,-3,-18,-3,-17,-3,-16,-5,-17,-4,-16,1,-16,0,-17,1,-17,2,-16,0,-18,3,-17,2,-18,0,-17,0,-17,-1,-16,-2,-16,0,-18,0,-18,0,-17,0,-17,0,-18,-2,-18
0,0,0,0,0,0,0,0,0,0,0,0,0,0,0,0,0,0,0,0,0,0,0,0,0,0,0,0,0,0,0,0,0,0,0,0,0,0,0,0,0,0,0,0,0,0,0,0,0,0,0,0,0,0,0,0,0,0,0,0,0,0,0,0,0,0,0,0,0,0,0,0,0,0,0,0,0,0,0,0,0,0,0,0,0,0,0,0,0,0,0,0
-2,5,-3,2,-3,4,-3,5,-2,4,-3,5,-3,5,6,5,8,4,6,3,7,4,5,5,4,6,-3,7,4,4,-5,3,-5,4,3,1,2,3,-4,5,-4,5,-2,5,-3,5,-3,5,-4,5,-3,3,0,3,8,6,9,5,7,3,5,5,6,6,4,6,1,6,4,3,2,4,4,5,6,3,3,4,2,3,2,3,2,2,2,4,-2,4,3,4,3,4
-1,16,-4,13,-4,17,-3,16,-6,15,-6,19,-4,17,9,17,11,16,8,17,9,17,-1,20,2,19,3,19,8,19,-11,15,-9,20,6,10,1,17,-4,16,-4,16,-3,18,-3,19,-4,19,-7,19,-5,17,-4,16,7,17,10,16,8,16,5,17,7,18,6,17,-1,22,6,19,6,18,6,18,8,15,0,17,-1,16,3,16,-2,17,5,17,-9,17,6,15,7,16
-7,18,-6,22,-4,27,-5,24,-3,31,-6,31,-10,25,-1,22,2,20,6,27,7,27,7,30,9,26,12,21,-8,26,-4,26,4,27,9,21,-6,21,-7,24,-5,26,-2,28,-2,27,-2,30,-7,31,-9,26,-11,22,-2,18,1,18,6,26,5,28,3,27,6,27,6,25,8,19,6,20,4,21,5,25,6,26,0,26,8,24,7,22,9,18,0,30,1,26,1,28
5,6,1,2,4,3,4,4,6,5,5,4,4,5,-4,6,-5,6,-5,5,-6,5,-3,6,-2,5,-3,6,0,2,4,2,4,4,-3,4,3,3,5,3,5,4,4,4,2,4,5,4,4,4,4,5,2,6,-5,6,-5,6,-7,5,-6,4,-7,5,-5,6,-2,5,-7,6,-1,4,-3,2,-3,3,0,4,0,3,-1,3,-3,4,-2,4,0,3,-2,3,-2,3
5,20,-1,15,5,18,5,18,-6,16,8,19,8,17,-6,20,-9,19,-13,20,-11,20,-4,19,-3,18,2,17,7,17,8,13,5,16,-3,16,2,19,12,13,11,16,5,19,8,17,9,18,6,19,-1,20,-4,20,-11,19,-12,19,-15,19,-13,18,-9,18,-8,18,-4,18,-8,17,-9,16,-13,13,-8,18,-2,17,-6,17,-2,17,-5,16,-5,16,-1,14,-10,16,-10,16
-6,19,-5,23,-1,27,-2,26,-6,15,3,30,-4,21,-15,24,-13,19,-7,33,-6,29,3,29,5,25,9,20,-4,24,8,23,7,26,3,24,-6,21,1,19,2,25,0,27,3,25,5,30,2,29,-9,28,-12,24,-18,19,-18,15,-9,29,-9,28,-4,25,-2,27,4,24,0,19,5,18,-6,20,-3,25,2,25,-4,25,3,24,5,21,6,17,7,16,-5,25,-6,26
0,29,1,26,-3,32,3,30,-2,34,-1,30,0,29,-1,30,5,30,3,32,3,31,-2,31,-3,32,-1,31,3,32,0,32,1,34,1,32,0,31,1,29,-2,31,2,30,-2,33,-1,32,0,31,2,28,3,29,5,30,6,31,0,32,-4,31,-2,28,-7,31,-8,30,-2,33,-1,33,1,31,-2,33,-3,33,-1,31,-1,32,-2,33,-1,32,-3,31,3,32,1,30
-8,44,-7,44,-6,47,0,48,-12,48,-7,48,-5,47,-9,45,3,51,10,50,8,50,6,49,1,52,-2,51,10,49,0,53,5,54,12,48,-7,47,-6,46,-5,47,-2,46,-9,50,7,49,3,49,-2,47,-3,46,-9,44,-9,44,6,51,3,49,3,48,0,51,-6,53,9,48,8,51,5,49,-4,52,1,52,5,49,9,50,9,48,9,48,9,50,9,52,8,49
-8,65,-7,65,0,65,6,66,-16,68,-2,66,12,52,7,56,2,62,15,71,11,70,-1,68,-8,66,-13,67,18,68,-21,60,9,69,2,67,-10,66,-9,66,-4,65,2,65,-13,68,26,56,20,55,15,55,10,58,3,60,-3,65,9,71,3,69,-1,66,-7,67,-15,67,13,67,15,67,12,69,-25,58,-20,58,-2,66,-8,60,-3,65,3,69,10,72,16,70,15,69
8,29,4,26,3,32,4,30,7,35,4,30,2,29,0,31,-1,31,-3,32,-3,31,-5,31,0,31,-3,30,-2,33,3,31,2,33,-4,32,8,32,6,28,1,32,5,30,0,33,0,32,3,30,2,29,3,30,-1,32,-1,32,-6,32,-8,31,-8,28,-4,31,-5,30,-9,32,-7,33,-7,32,4,33,2,32,-6,32,-5,32,-8,32,-8,31,-8,30,-6,30,-7,29
13,47,-6,45,1,50,-1,49,-10,48,-8,48,-7,48,-2,51,-10,44,-5,51,-1,51,5,48,11,46,-3,48,-7,52,7,48,9,50,1,51,14,48,-6,47,-5,47,-4,46,-9,50,-7,48,-9,47,-7,49,-5,47,-3,48,-9,44,-7,50,-3,49,1,46,7,48,7,46,11,48,-12,51,-9,50,9,49,8,49,3,47,0,50,-5,51,-8,50,-10,50,-9,48,-10,48
28,59,-5,67,-1,65,19,51,-15,69,0,67,4,68,9,69,14,69,-24,57,-21,54,-9,52,-6,53,-13,64,17,69,14,67,8,68,-8,68,28,61,-8,66,-2,66,21,51,-12,69,-6,68,-3,67,2,67,8,68,11,68,16,68,-23,54,-22,52,-16,49,-10,53,-6,56,13,68,-28,66,-11,66,9,66,4,66,-3,66,-10,66,-14,68,-20,69,-23,67,-26,64,-27,60
