-5,-15,-6,-16,-6,-15,5,-16,6,-15,5,-15,5,-16,9,-14,7,-15
0,0,0,0,0,0,0,0,0,0,0,0,0,0,0,0,0,0
-1,4,-2,4,4,4,0,5,1,7,-2,6,-1,5,1,3,-1,5
1,16,0,18,4,20,-5,20,-5,21,-14,20,-12,22,-7,23,-6,23
-5,22,-8,23,-7,22,2,23,3,26,-5,29,-2,29,4,26,5,25
5,6,3,5,1,6,-2,3,-6,4,-1,4,-1,2,-4,0,-2,2
9,24,5,23,2,25,-8,15,-10,16,-6,15,-5,14,-6,13,-9,16
-2,27,-7,26,-9,25,-3,22,-3,24,2,14,2,17,3,21,2,22
4,31,4,29,3,30,-7,30,-8,30,-10,33,-9,30,-7,30,-10,28
-7,50,5,51,-5,50,4,46,-9,52,-14,50,2,51,4,49,0,49
-13,71,25,49,1,70,5,67,1,69,-31,54,5,71,2,70,-6,70
10,29,7,29,6,31,-8,29,-6,30,-6,33,-10,29,-8,28,-12,27
10,51,-8,49,-5,51,-15,51,4,47,2,50,-12,51,-6,49,-2,47
25,51,-8,71,25,50,5,67,1,69,7,72,3,70,1,69,-6,68
