0,-15,0,-13,3,-14,2,-14,-1,-15,2,-16,-10,-13,-6,-15,-7,-15,-6,-14,-5,-14,4,-14,4,-14,3,-14,4,-14,2,-15,3,-15,4,-13,4,-14,0,-11,1,-14,3,-15,-6,-15,-6,-14,8,-14,4,-16,3,-15,3,-14
0,0,0,0,0,0,0,0,0,0,0,0,0,0,0,0,0,0,0,0,0,0,0,0,0,0,0,0,0,0,0,0,0,0,0,0,0,0,0,0,0,0,0,0,0,0,0,0,0,0,0,0,0,0,0,0
-1,2,0,4,2,6,0,4,2,4,2,3,-3,2,-2,3,0,2,0,4,2,2,-2,2,-1,3,-1,2,-1,3,2,2,-1,1,-2,3,-1,3,1,5,2,6,2,3,-2,3,1,2,-5,1,-6,3,1,4,0,4
-11,10,-10,14,-4,17,-9,14,-1,14,0,15,0,10,2,11,2,12,2,13,3,13,-8,14,-8,15,-9,14,-9,15,2,13,2,11,-13,14,-11,15,-4,15,-3,15,-1,16,1,12,4,14,-8,12,-2,15,-2,18,-6,15
-6,22,-8,25,-9,28,-14,27,-12,23,-2,26,-6,12,-3,17,-2,16,-1,20,0,21,3,17,3,21,0,24,-3,28,10,12,8,7,-6,26,-5,24,3,22,6,20,8,20,-2,17,3,24,4,16,5,5,0,29,-14,25
0,1,0,3,-2,3,0,4,-2,1,0,2,6,2,3,2,1,2,3,3,2,3,1,2,-2,2,-1,2,0,2,-1,2,0,1,0,2,0,2,-1,2,-1,3,-3,2,2,2,1,3,1,1,2,2,-2,3,-2,2
-5,12,-6,13,-7,15,-7,15,-11,11,1,13,2,11,6,13,13,8,11,13,6,14,0,11,-8,12,-6,13,-4,15,2,12,3,8,0,11,-3,11,-6,12,-8,11,-11,11,8,14,3,15,0,11,-1,18,-6,16,-8,15
-3,21,-6,22,-10,28,-13,26,-16,24,6,10,-6,13,0,17,4,16,3,20,0,22,5,15,0,17,0,22,0,23,9,12,10,8,7,12,6,14,3,18,2,19,-2,16,0,17,0,26,5,13,7,7,-2,27,-15,25
-4,22,-4,25,-2,26,-4,25,-2,23,0,24,3,20,6,21,5,23,5,24,6,25,-8,23,-8,25,-6,25,-4,25,-2,25,1,25,-1,28,0,27,-3,25,-3,24,-2,26,5,23,7,23,-7,23,-13,22,-4,23,-2,22
4,38,6,40,4,41,2,43,8,40,8,41,-6,36,12,39,11,41,8,43,4,43,-14,44,-13,45,6,41,4,43,8,42,8,43,7,44,7,42,3,43,0,43,-2,42,-5,38,5,42,6,37,8,36,7,38,5,40
7,56,5,60,0,60,-6,60,4,62,11,61,-6,53,28,47,26,45,26,49,23,48,-27,52,-29,50,3,61,-1,62,2,65,13,61,9,65,5,62,-5,60,-9,62,-13,61,-5,57,0,59,4,56,13,54,7,58,2,59
-4,22,-5,24,-5,26,-4,25,-6,23,-3,24,5,20,8,21,4,23,4,25,4,25,-3,24,-5,25,-7,24,-3,24,-5,26,-2,25,0,27,-1,26,-1,24,0,24,0,25,6,23,4,23,-7,22,-4,21,-15,23,-5,22
4,39,-8,44,0,42,1,42,-8,42,-8,42,-7,37,-3,37,-5,41,-5,42,-2,44,7,41,5,41,-9,47,3,42,-8,43,-8,43,6,44,0,45,5,41,8,40,7,41,-4,38,-4,42,-13,41,-7,37,-6,40,-4,42
8,58,-8,46,0,59,-16,49,-19,58,-23,56,-6,53,-1,55,-7,60,-2,60,3,61,10,60,8,61,3,60,-2,60,-17,61,12,62,8,63,-18,51,-6,58,-3,56,4,59,-6,56,0,59,-27,47,13,54,-8,39,-19,48
