-9,-13,-8,-14,-4,-15,-4,-15,-5,-14,-6,-14,-6,-15,-5,-16,-2,-15,-1,-15,-4,-15,-3,-15,7,-14,7,-14,8,-14,6,-15,4,-15,3,-15,1,-16,8,-12,2,-16,3,-16,5,-15,5,-15,4,-15,2,-15,3,-15,2,-16,4,-16,3,-16,3,-15,3,-16,-8,-13,-8,-14,-7,-15,-7,-15,-3,-16,-3,-16,-5,-14,-4,-15,-5,-14,-6,-16,-5,-15,-5,-15,-4,-14,-3,-15,-4,-16,-4,-15,-3,-16,-2,-17,7,-15,6,-15,5,-15,4,-16,3,-15,3,-15,6,-15,6,-15,6,-16,4,-16,3,-16,3,-16,2,-16,3,-16,5,-15,3,-16,4,-16,4,-16
0,0,0,0,0,0,0,0,0,0,0,0,0,0,0,0,0,0,0,0,0,0,0,0,0,0,0,0,0,0,0,0,0,0,0,0,0,0,0,0,0,0,0,0,0,0,0,0,0,0,0,0,0,0,0,0,0,0,0,0,0,0,0,0,0,0,0,0,0,0,0,0,0,0,0,0,0,0,0,0,0,0,0,0,0,0,0,0,0,0,0,0,0,0,0,0,0,0,0,0,0,0,0,0,0,0,0,0,0,0,0,0,0,0,0,0,0,0,0,0,0,0,0,0,0,0,0,0,0,0,0,0,0,0,0,0
-4,5,-2,3,5,3,0,2,4,3,7,4,6,3,1,3,4,3,5,2,4,4,4,4,3,4,3,4,2,5,7,2,6,3,2,3,-1,3,1,3,-4,13,1,3,3,4,2,2,2,3,-3,4,-1,3,-2,4,0,3,2,5,3,3,3,2,-5,5,-5,3,-4,3,-4,4,-2,3,-1,3,-1,4,1,3,2,4,0,3,2,4,2,4,3,5,2,3,2,4,2,4,-3,3,-4,4,-9,5,-1,5,0,4,0,4,-1,3,-3,2,2,3,3,4,1,2,-1,3,-1,3,-1,4,0,6,2,3,-4,6,2,3,3,2,1,3
-3,15,-1,12,6,16,1,17,5,17,9,17,6,17,1,17,5,17,7,17,6,19,5,18,7,15,7,16,-15,17,4,10,8,15,-6,21,-8,21,0,10,-3,20,-11,14,2,20,-8,18,2,18,-7,18,-4,16,-5,17,-5,17,-2,19,5,16,6,15,-6,16,-5,14,-3,12,-1,15,0,16,1,17,1,19,1,18,1,17,0,16,1,18,1,19,3,19,4,18,3,18,2,19,-1,16,-2,18,-8,21,2,19,-6,20,-5,19,-5,18,-7,17,-2,18,3,19,-4,15,-4,16,-6,18,-4,18,3,16,4,18,-4,23,-1,20,1,21,5,21
-8,18,-4,17,-6,12,-8,13,-6,18,4,26,-1,27,-7,17,-8,13,-7,13,-1,29,-8,15,14,12,14,15,-7,29,6,21,3,25,5,20,7,15,13,2,7,15,7,17,11,20,10,23,9,28,2,29,7,16,6,13,-5,35,4,31,5,32,8,28,-10,18,-8,19,-6,18,-5,21,-7,13,-6,12,-7,15,-6,18,-6,21,-6,25,-5,22,-7,17,-7,17,-5,16,-7,16,-7,18,-7,22,-8,28,5,21,8,16,7,15,6,16,7,18,3,21,7,27,5,29,9,15,10,11,8,11,8,12,6,13,8,32,8,27,9,23,12,19,13,17
9,2,6,4,3,4,1,2,-3,2,-5,3,-3,3,3,5,-1,5,-3,1,2,4,0,4,-8,3,-9,4,-7,4,-9,5,-9,5,-6,5,-3,3,-4,-1,0,2,-2,3,-6,5,2,4,-1,4,-1,4,0,4,-2,4,-2,3,-4,4,-5,4,-4,3,10,2,9,2,4,4,7,5,5,2,3,3,3,4,2,3,4,4,1,4,2,6,1,5,2,5,2,3,2,4,2,4,4,4,5,5,6,2,-5,4,-2,4,-1,4,-3,4,-4,2,-4,2,-6,3,-3,2,-4,4,-3,4,-3,4,-4,5,-3,4,-2,5,-4,3,-4,3,-5,5
12,17,2,15,2,20,6,21,0,20,1,18,-1,18,4,21,2,22,1,19,3,21,0,19,-15,14,-17,16,-15,17,-12,17,-11,16,-8,17,-6,17,0,5,-1,15,-12,16,-11,18,-7,19,-6,19,-5,17,-3,16,-3,17,-2,17,-6,17,-7,18,-5,17,20,15,8,17,-1,16,7,19,5,20,6,20,6,21,7,18,7,19,3,18,2,23,2,22,4,22,5,21,4,21,6,22,8,22,7,23,3,15,-7,17,-5,17,-6,16,-7,18,-10,16,-5,17,-7,17,-7,14,-7,16,-6,17,-5,18,-7,17,-5,19,-2,20,-7,17,-12,16,-14,16
-7,17,-6,19,-8,13,-6,14,-10,18,-9,26,-7,30,-7,19,-5,33,-9,12,-10,13,-11,15,-9,24,-10,27,12,18,5,20,-2,25,2,19,5,15,8,2,4,15,-6,28,-1,24,6,22,1,29,0,26,6,16,5,14,6,12,-4,30,-5,32,-2,28,10,24,-6,18,-8,20,-2,25,-7,13,-7,12,-7,16,-8,18,-6,22,-5,27,-4,32,-7,18,-7,17,2,35,-7,16,-7,20,6,36,6,36,5,20,2,17,4,16,5,16,4,18,1,20,2,26,-1,26,6,15,3,14,4,14,5,14,3,13,0,31,7,26,6,22,0,21,-4,25
10,28,10,30,16,30,7,29,12,29,11,31,9,29,3,29,5,27,9,30,8,32,6,33,-5,33,-7,34,-7,34,-9,31,-10,30,-11,32,-12,32,0,21,-3,33,-1,34,-3,36,-2,35,-3,34,-6,32,-4,33,-7,31,-1,32,1,33,2,34,3,33,7,28,7,27,7,28,2,29,3,29,4,30,2,33,1,34,1,33,3,30,3,32,2,32,5,34,1,32,6,33,-2,34,-1,33,-1,33,-9,32,-8,33,-9,34,-6,34,-5,36,-8,35,-6,34,-6,34,-6,32,-7,34,-6,34,-2,35,-3,35,-2,35,-3,34,-4,34,-4,32,-4,32
16,48,5,48,19,54,-7,44,16,55,10,55,-3,42,-5,45,-10,44,-3,48,-1,51,0,53,5,46,4,48,3,49,0,50,-2,49,-7,52,-12,55,15,33,10,46,11,48,9,50,9,49,6,50,4,51,10,49,-1,52,15,46,15,47,13,51,-3,52,16,46,12,46,1,47,0,46,-8,43,-8,44,-8,48,-6,50,-5,50,-6,48,-4,49,-4,50,3,53,-11,48,10,53,-11,51,-10,53,-10,53,-5,53,-7,54,-12,57,-16,55,5,52,3,53,0,54,0,53,3,52,8,52,9,51,10,52,7,53,6,56,6,55,5,53,4,50,1,53
36,56,12,65,32,65,-8,67,29,62,14,71,-2,56,15,58,4,64,10,67,14,68,20,69,-1,68,0,70,-2,70,-7,70,-14,68,-20,68,-27,69,3,52,5,68,10,70,12,70,10,72,4,72,-3,71,-8,70,-14,70,7,69,15,69,19,72,19,70,3,66,3,66,6,65,21,50,5,60,-1,64,-8,70,-9,72,-8,72,-6,70,1,69,15,59,14,69,4,69,24,72,-15,75,-19,75,-19,74,-13,71,-18,73,-24,74,-28,74,0,75,3,77,2,78,-2,77,-19,63,-14,72,-7,72,2,76,6,78,8,79,5,77,-2,75,-7,74,-11,75
13,28,12,30,10,30,14,31,8,29,6,31,5,29,4,30,7,29,3,30,2,32,-1,33,-12,31,-12,33,-9,33,-11,31,-12,30,-12,31,-9,31,-8,22,-10,33,-7,34,-5,35,-3,34,-3,34,-6,32,-4,33,0,31,-5,32,-6,33,-5,34,-3,33,14,26,11,27,10,29,9,29,12,28,11,30,10,32,9,33,8,33,5,31,5,32,3,33,1,35,6,32,1,33,5,34,2,32,5,32,-4,32,-11,33,-10,34,-10,34,-12,35,-10,35,-7,34,-9,33,-5,32,-6,34,-8,34,-10,35,-10,35,-6,35,-2,33,-5,33,-5,31,-1,32
1,46,3,49,-8,42,19,53,-7,47,-7,48,-8,44,-6,46,-9,45,-13,43,-15,45,-15,48,-20,49,-16,51,-10,52,-2,49,-1,48,5,47,7,45,-12,42,-17,53,-13,53,-9,55,-4,55,6,50,2,50,11,49,13,46,-3,52,-4,53,-4,53,13,50,-1,45,0,45,1,48,2,47,15,52,18,51,16,51,15,53,11,54,-6,48,-4,50,-4,51,-10,50,7,54,-12,49,11,53,12,52,9,53,2,51,5,49,7,49,7,50,-17,55,-15,56,0,54,-1,53,3,52,7,52,-9,56,-11,55,-14,55,-5,57,5,53,2,52,3,50,8,48
9,66,13,67,0,61,-9,66,-14,70,-14,70,-9,67,-2,66,5,66,10,67,-17,67,-23,67,-3,68,-3,70,-2,68,-7,68,-21,55,-16,56,-10,57,-26,58,-33,70,-29,62,-26,60,-2,54,4,70,-17,57,-8,59,-1,64,-16,70,-21,70,-22,67,-22,63,3,67,4,67,7,66,12,65,29,67,31,66,30,65,29,61,17,70,-5,71,2,70,7,70,10,65,21,72,-8,74,27,71,29,66,30,61,-19,57,-15,60,-10,63,-6,70,-31,75,3,78,2,76,-3,76,-7,74,-14,71,-20,76,-24,77,-27,75,8,76,5,75,-19,58,-13,59,-7,64
