-3,-16,-5,-16,-8,-13,-8,-14,3,-15,4,-16,3,-16,6,-15
0,0,0,0,0,0,0,0,0,0,0,0,0,0,0,0
3,1,3,2,6,1,4,-2,3,6,2,6,1,6,2,5
1,16,3,15,8,14,9,10,7,19,-1,19,7,14,9,15
8,25,8,24,-1,19,13,26,2,19,6,20,3,12,4,15
-2,3,-2,4,-3,5,-3,5,-7,3,-6,3,-5,4,-4,2
-6,16,-3,16,-1,17,2,17,-14,16,-12,15,-10,16,-11,13
1,25,-5,20,-8,22,12,27,-3,19,-10,25,-5,16,-4,18
-3,34,-2,31,8,31,2,29,-1,35,-3,34,-4,28,-5,27
-9,49,-8,49,-5,50,6,49,-11,50,-7,51,6,48,5,47
-11,66,-6,67,1,68,26,46,-27,47,-23,45,11,68,10,67
1,33,-2,31,1,32,1,29,-4,35,1,34,-7,28,-4,26
7,51,3,52,-5,52,-7,51,6,51,5,51,-15,48,5,46
28,46,20,47,13,48,-10,69,11,67,6,68,-29,48,10,67
