-5,-14,-6,-13,-6,-14,-7,-14,-7,-13,-7,-13,9,-12,9,-12,8,-12,-7,-14,-7,-14,8,-12,8,-13
0,0,0,0,0,0,0,0,0,0,0,0,0,0,0,0,0,0,0,0,0,0,0,0,0,0
-2,1,-1,3,-1,4,-1,4,5,1,5,2,2,4,2,2,0,4,-2,3,-2,3,-4,4,3,4
-2,12,-1,14,0,15,-2,15,12,12,10,11,-2,17,-7,12,-8,16,0,15,-2,15,-14,15,0,19
-5,20,-4,22,-6,19,-8,14,4,14,3,20,0,24,-2,26,-1,26,-6,18,-4,24,-3,23,6,21
4,4,4,5,5,4,1,4,-3,6,-3,6,-5,0,-5,0,-4,1,3,3,4,3,0,1,-6,0
9,18,6,19,4,20,2,18,-2,18,-3,19,-8,11,-8,9,-9,13,3,18,6,18,-3,10,-9,12
2,28,-1,27,-5,22,-7,15,-9,23,-7,27,-4,21,0,15,-3,22,-7,20,-2,25,2,16,-2,20
4,25,2,26,5,26,-2,26,5,28,5,28,-8,27,-8,25,-10,25,-2,27,0,27,-12,23,-6,27
-5,41,-5,40,0,40,-9,38,5,48,1,47,0,39,0,41,-3,42,-7,42,-3,41,-1,40,1,41
-9,60,-3,59,19,39,-6,56,26,49,23,46,-3,59,0,60,-6,61,-11,59,2,57,-7,58,3,59
7,25,6,27,8,26,5,27,-3,29,-1,28,-14,25,-14,24,-12,24,6,27,4,28,-11,22,-10,25
10,42,6,42,-2,41,10,45,-9,43,-10,41,-12,42,-13,42,-9,41,8,45,-3,42,-12,40,-11,45
-9,60,26,39,4,58,25,59,-16,60,-12,59,-3,58,-31,42,-31,41,28,48,19,45,-32,41,-31,46
