-6,-16,-3,-15,-1,-15,-3,-15,-2,-16,-4,-14,-4,-15,-2,-15,8,-14,-12,1,-6,-14,-2,-15,-3,-14,-3,-15,-5,-15,-4,-15,-5,-14,-4,-15,-3,-16
0,0,0,0,0,0,0,0,0,0,0,0,0,0,0,0,0,0,0,0,0,0,0,0,0,0,0,0,0,0,0,0,0,0,0,0,0,0
-1,-3,0,3,1,2,1,4,0,3,1,4,3,4,3,4,1,4,2,0,1,1,0,2,1,3,0,2,0,2,3,4,2,4,2,4,3,4
-1,4,1,15,2,15,1,17,1,15,6,17,6,18,8,18,0,16,6,13,1,12,2,14,3,14,5,13,3,13,6,17,6,15,7,16,7,16
-4,16,-5,22,-4,22,-6,23,-6,23,-7,25,-5,25,-3,22,1,19,4,23,-6,14,-5,12,-4,13,-3,13,-5,14,-2,23,-2,20,-2,18,-2,18
-1,-3,2,3,2,2,1,3,2,3,2,4,1,4,0,4,-5,1,-1,3,2,1,2,2,1,3,2,2,1,2,1,4,1,4,-1,4,-2,3
-1,4,5,17,6,16,5,19,7,17,6,19,-1,20,7,19,-10,12,6,13,2,14,4,16,8,14,10,14,9,14,2,19,6,17,-3,15,-3,15
-4,17,-4,23,-4,23,-7,24,-5,24,-8,27,-11,25,-8,23,-7,18,12,20,-1,17,-5,13,-2,14,0,19,-1,19,-11,23,-3,20,-3,17,-3,17
-13,27,1,28,2,28,3,28,0,28,-6,30,-7,30,-6,30,-14,28,8,21,1,23,4,25,3,27,2,26,-1,28,-2,29,-5,28,-4,28,-4,29
-19,49,-5,47,-4,48,-2,50,-1,49,-17,46,-17,47,-14,49,-19,50,8,41,-7,41,0,45,3,47,-8,46,1,46,-14,45,-15,44,-16,46,-14,47
-6,67,10,59,4,64,9,66,14,65,-10,64,-17,66,-23,66,-31,51,16,61,-9,61,8,63,12,63,17,62,17,60,-1,62,-10,62,-18,65,-21,63
-11,27,2,28,2,28,3,27,0,28,-2,31,-4,31,-5,30,-11,28,8,21,3,23,4,25,3,27,4,27,0,28,0,29,-2,30,-3,29,-3,29
-9,48,-7,49,-8,49,-12,47,-12,46,-13,51,-12,51,-11,51,-5,48,-2,40,-6,42,-5,47,-8,46,-7,46,-9,45,-11,48,-9,49,-10,49,-10,50
-7,68,-1,65,6,65,-6,68,-14,70,-3,69,1,69,5,69,-1,69,16,61,-9,60,9,64,-4,67,-10,67,-16,65,-4,66,1,67,3,68,6,66
