8,-15,0,-1,-2,0,4,-15,3,-17,4,-17,4,-18,4,-18,5,-17,6,-18,6,-17,4,-17,-5,-14,-3,-2,-7,0,10,-9,-11,-13,-5,-14,-3,-17,-3,-18,9,-15,7,-15,6,-15,5,-16,0,-6,4,-15,6,-15,4,-15,1,-55,0,24,2,-13,3,-16,4,-16,4,-17,1,-19,5,-19,4,-17,3,-17,5,-16,-4,-15,-1,-16,-3,-2,0,-15,1,-16,-1,0,-7,-12,-1,-15,-3,-16
0,0,0,0,0,0,0,0,0,0,0,0,0,0,0,0,0,0,0,0,0,0,0,0,0,0,0,0,0,0,0,0,0,0,0,0,0,0,0,0,0,0,0,0,0,0,0,0,0,0,0,0,0,0,0,0,0,0,0,0,0,0,0,0,0,0,0,0,0,0,0,0,0,0,0,0,0,0,0,0,0,0,0,0,0,0,0,0,0,0,0,0,0,0,0,0
0,5,2,4,8,10,0,5,-4,2,-4,2,-6,2,-6,2,5,6,-6,2,1,3,-1,2,1,0,1,1,-4,0,-4,20,-6,-14,0,1,3,4,4,4,-1,6,-2,7,0,2,-1,4,6,-22,1,7,-1,2,1,7,9,-55,2,-2,-3,2,-4,2,3,5,2,4,-1,1,3,2,-6,2,3,4,3,4,3,2,-2,0,0,0,0,2,0,1,4,-1,-2,1,5,3,2,5
-4,23,-5,29,11,40,4,28,-14,11,-15,10,2,16,-16,10,-15,11,-9,11,-8,16,-4,16,2,-5,-6,19,-10,21,-4,28,-12,8,-3,17,0,15,10,19,3,20,4,19,2,17,1,15,3,-25,4,22,0,19,0,20,6,-54,3,27,-10,14,-14,13,-15,14,-13,12,-14,11,9,15,-10,10,3,15,1,16,2,13,-2,8,-1,19,0,11,0,9,-5,37,-4,19,9,12,5,18
7,32,6,34,22,40,17,27,-21,22,-23,21,10,20,-21,22,-19,22,4,19,3,22,1,20,3,-2,-6,32,-13,32,-7,40,-17,16,-13,25,11,36,13,35,13,28,15,24,-13,40,8,21,-2,-4,10,33,4,29,2,32,8,-9,9,30,-3,19,-21,26,10,17,8,15,7,11,7,14,4,16,5,20,7,25,-4,22,-6,15,-8,30,-6,17,-6,16,2,34,-11,28,12,24,16,32
-5,3,-3,23,5,11,-3,15,2,6,1,5,3,4,3,3,-8,1,3,3,-3,3,-1,5,-1,-8,0,3,-7,-3,-1,-2,-9,-12,-1,3,-1,6,-3,4,-5,4,-3,6,-3,8,-2,7,6,-25,-6,15,-3,5,-2,5,6,-56,-1,19,-4,6,0,3,-6,4,-5,5,-4,2,-7,2,4,3,-4,3,-5,2,-2,2,2,0,-1,0,0,3,-2,2,-1,0,-3,1,-5,4,-1,6
-3,20,-4,30,11,40,3,27,6,22,4,21,4,12,4,11,-16,11,4,13,-6,15,-4,16,-1,-3,0,13,-11,24,-3,27,-12,10,-3,18,-7,18,-9,17,-10,15,4,20,3,19,3,18,8,-23,1,22,0,21,-4,19,6,-12,3,26,-4,21,-14,13,-16,14,-16,14,-16,11,-15,12,6,11,-7,12,-6,14,-2,16,3,9,-1,19,1,14,-2,11,-6,35,-5,21,-13,9,-8,21
5,30,4,34,21,41,17,28,17,21,14,21,7,19,-21,24,-20,23,5,18,1,21,-1,27,4,-4,-7,26,-2,37,4,40,-11,10,-14,25,-14,22,-12,18,12,28,16,25,12,23,12,25,14,-24,9,32,6,32,1,31,6,-14,11,31,13,27,-21,26,-22,26,-21,25,-22,24,-20,26,7,16,0,18,1,22,-4,20,-2,15,-8,31,-7,18,-6,17,-6,37,-15,29,-21,12,-18,26
-5,34,-6,35,-4,42,-10,30,-9,29,-8,34,-6,33,-6,31,-5,31,-7,27,-5,29,-9,29,1,8,-2,33,-10,37,-5,38,-8,18,0,34,2,34,2,33,-13,28,-12,29,-11,31,-9,32,2,-24,-8,34,-6,34,-2,25,3,-18,-5,31,-9,34,-7,30,-6,32,-4,32,-4,30,-4,30,-3,29,-6,22,-5,30,-2,31,-2,19,-3,34,0,21,1,20,2,39,-1,33,2,19,2,33
3,55,2,58,3,64,-6,56,-12,53,-15,54,-12,53,-11,54,-9,54,2,47,1,49,-13,51,7,29,-10,52,-18,58,-13,58,-18,43,-8,56,-3,54,0,54,-6,49,-5,50,0,49,2,49,12,11,0,53,1,52,1,51,6,7,0,53,-4,53,1,49,-14,52,-14,52,-13,50,-10,52,1,47,1,46,0,49,-13,49,-12,37,-12,55,-9,41,-9,41,3,63,-10,54,-2,39,2,54
-3,79,-9,79,-11,86,-22,76,-29,73,-28,69,-28,64,-28,59,2,71,-2,68,-21,59,-25,67,12,48,7,58,-23,79,-8,80,-10,64,3,73,10,73,13,71,-21,61,-22,64,-11,68,-5,70,9,33,0,75,2,76,1,75,1,29,-9,73,-15,72,-5,70,-29,67,-29,66,-31,61,-30,59,2,69,-3,69,-7,69,-5,69,-11,58,-15,75,-16,61,-14,63,21,72,-2,73,9,57,16,72
-6,33,-8,35,-3,42,-6,28,-5,30,-5,34,-2,33,-3,31,-4,30,-4,27,-7,29,-3,30,-6,7,5,33,-5,37,1,39,-9,22,0,34,0,34,-2,33,-14,28,-14,29,-14,30,-12,31,9,-25,-11,33,-8,33,-9,31,0,-19,-9,31,-9,24,-7,30,-5,31,-4,31,-4,30,-4,30,-3,29,-7,22,-7,30,6,31,6,18,3,34,3,21,1,20,-5,37,-2,34,-2,19,0,33
-7,56,-3,57,2,64,1,53,4,48,4,49,4,51,3,49,2,48,0,47,1,48,6,49,-11,28,-5,53,0,63,-4,65,-19,44,-10,56,-11,52,-13,51,-8,47,-10,49,-18,50,-19,50,-11,13,-18,51,-15,52,-12,53,-4,10,-5,53,-4,53,1,48,1,49,1,49,1,49,2,48,0,47,-1,45,-1,48,10,52,10,39,9,56,9,43,7,44,-12,58,-12,55,-14,36,-14,49
-25,63,-10,78,-17,73,-15,65,-4,69,0,71,7,72,6,70,2,70,-2,67,-7,68,2,73,-26,39,3,69,19,69,-8,79,-10,63,5,73,0,75,-9,76,-17,63,-23,63,-26,66,-27,63,9,33,-30,60,-29,60,-30,60,-24,15,-24,61,-22,62,-6,70,0,70,3,69,3,67,3,68,1,68,-3,67,-7,67,21,72,24,61,26,75,27,56,-15,63,-12,80,-2,74,4,57,-6,73
