-11,-13,-10,-13,-10,-14,-8,-14,-9,-14,-9,-14,-7,-15,-7,-15,-8,-14,-8,-14,-9,-14,-9,-14,-9,-14,-9,-14,-9,-14,-9,-13,-9,-14,12,-12,9,-14,8,-15,9,-15,8,-15,8,-15,8,-16,7,-16,6,-16,5,-16,7,-15,6,-16,7,-15,8,-15,7,-15,-6,-15,-7,-15,-6,-15,-7,-15,-7,-15,-7,-15,-7,-14,-7,-15,-6,-15,-7,-15,-7,-15,-7,-15,-7,-15,-7,-15,-5,-15,-6,-15,-5,-16,-6,-15,-7,-15,-6,-15,-6,-15,-6,-16,8,-15,8,-15,7,-16,6,-16,7,-16,7,-15,8,-15,8,-15,8,-15,8,-15,8,-15,8,-15,10,-14,12,-13,13,-13
0,0,0,0,0,0,0,0,0,0,0,0,0,0,0,0,0,0,0,0,0,0,0,0,0,0,0,0,0,0,0,0,0,0,0,0,0,0,0,0,0,0,0,0,0,0,0,0,0,0,0,0,0,0,0,0,0,0,0,0,0,0,0,0,0,0,0,0,0,0,0,0,0,0,0,0,0,0,0,0,0,0,0,0,0,0,0,0,0,0,0,0,0,0,0,0,0,0,0,0,0,0,0,0,0,0,0,0,0,0,0,0,0,0,0,0,0,0,0,0,0,0,0,0,0,0,0,0,0,0,0,0,0,0,0,0,0,0
5,-1,5,0,6,1,-1,5,1,2,0,2,3,2,4,2,0,2,6,3,5,3,6,1,7,0,7,1,7,0,6,1,7,1,0,5,-4,5,0,3,-3,3,-4,4,-5,4,-3,4,-2,4,-2,5,-2,7,-2,4,-1,3,1,6,1,6,1,5,6,1,6,1,7,2,6,3,6,3,5,3,3,4,0,2,2,2,4,2,5,3,5,2,6,1,5,2,7,1,7,1,7,0,8,1,6,0,6,2,6,3,5,2,1,6,-1,7,0,5,-3,5,-2,4,-4,5,-3,4,-4,4,-4,4,-4,4,-3,4,-2,5,-2,4,0,4,1,4
17,1,16,4,16,7,3,16,4,15,3,12,9,13,4,13,2,14,9,15,7,17,18,8,18,6,20,6,19,7,18,8,17,10,-3,19,-6,19,-4,15,-10,19,-17,18,-18,17,-16,17,-15,18,-13,21,-9,23,-4,18,-2,17,-1,25,-1,26,-1,24,18,9,17,9,16,11,14,13,11,14,7,16,4,18,2,13,3,12,5,15,10,11,13,10,14,11,16,11,18,10,18,10,19,9,18,10,17,10,16,11,14,13,10,12,-2,23,-4,23,-4,19,-6,18,-9,20,-11,21,-16,19,-17,18,-18,18,-18,17,-15,20,-12,22,-4,17,0,18,-2,26
18,13,16,18,13,20,1,25,-4,20,-6,14,4,22,-4,14,0,24,3,26,-2,25,14,20,17,19,18,19,16,19,14,21,13,22,7,17,3,21,2,26,0,30,-8,30,-9,28,-7,28,-5,29,-3,30,1,32,3,30,5,30,8,29,11,27,11,25,8,17,7,17,6,18,5,19,4,22,1,25,-3,22,-6,13,-5,10,2,25,3,18,5,19,6,17,6,18,8,19,8,18,9,18,8,17,8,16,6,16,5,19,5,21,10,23,9,22,7,22,3,26,2,27,-1,30,-7,31,-9,32,-10,32,-10,31,-7,32,-2,35,0,31,5,34,8,33
-2,4,-1,4,-1,6,5,4,2,5,1,3,2,4,1,6,3,5,-1,4,1,6,0,5,-3,6,-3,6,-2,5,-2,5,-1,6,-6,2,-5,4,-3,2,-2,3,0,3,0,2,0,2,0,2,-1,3,-1,2,-2,3,-4,3,-4,2,-4,2,-5,1,-2,8,-3,6,-1,7,-1,7,-1,7,-1,5,2,6,2,4,1,6,0,4,-1,7,-1,7,-3,6,-3,6,-4,7,-4,6,-4,5,-4,4,-3,4,-2,5,-2,6,-2,7,-7,3,-5,3,-4,3,-3,5,-2,3,0,3,-1,2,0,2,0,2,0,1,-2,2,-3,3,-5,2,-5,2,-7,2
-4,17,-2,17,1,19,12,11,7,23,7,15,11,14,4,22,5,16,-1,18,3,21,2,21,-1,22,-2,22,-2,20,-1,19,2,20,-6,14,-6,16,-6,14,-6,17,-2,13,-2,11,-3,11,-4,12,-3,13,-2,14,-2,15,-5,16,-11,10,-11,10,-13,10,1,22,-1,20,2,21,3,21,1,21,-1,16,6,22,6,15,7,20,1,18,-2,19,0,19,-1,17,-2,19,-1,20,-3,21,-2,21,-3,20,-2,19,-1,18,-2,17,-1,19,-6,16,-7,16,-6,15,-6,16,-6,17,-4,16,-2,13,-2,11,-2,10,-3,10,-5,14,-5,16,-7,15,-8,13,-8,16
-4,16,-3,19,-2,24,8,24,-2,21,-5,15,6,24,-1,27,0,26,-2,29,-6,27,-9,23,-12,20,-12,17,-8,19,-6,21,-4,24,4,14,2,20,-3,24,0,26,6,15,6,12,6,9,7,8,5,9,5,10,5,17,2,28,-3,21,-1,20,-5,18,-8,23,-7,21,-5,23,-5,24,-3,26,-2,27,-1,28,-6,14,0,27,-2,27,-1,25,-4,29,-6,27,-8,25,-9,23,-11,20,-10,18,-10,17,-9,18,-5,20,-5,25,-1,28,4,20,3,20,4,19,0,25,1,25,2,25,7,15,8,13,8,12,6,11,4,14,1,29,-4,28,-3,27,2,28
3,32,3,33,11,31,6,31,9,28,11,31,11,30,10,31,8,31,9,28,7,31,5,30,2,33,2,33,6,32,3,32,8,30,-5,35,-5,34,-4,32,-4,32,-2,34,-3,33,-1,31,-2,32,-2,33,-2,32,-2,33,-3,33,-4,34,-3,35,-4,34,3,34,3,34,2,34,4,34,7,33,7,31,7,30,10,32,8,32,8,30,8,30,8,30,6,31,3,32,3,33,0,34,2,33,3,33,5,32,6,32,6,31,6,29,-6,36,-5,36,-5,34,-4,35,-3,33,-5,34,-2,34,-3,32,-1,35,-1,33,0,33,-2,32,-3,33,-3,32,-3,34
-3,49,-1,52,9,53,3,50,9,51,13,50,16,49,13,50,8,49,5,48,2,48,-2,47,-4,45,-4,48,-2,48,-3,50,3,49,-9,57,-4,57,0,55,4,52,9,53,7,53,8,53,8,52,9,51,10,51,8,53,6,52,3,55,2,56,-1,56,-6,47,-5,49,-3,50,-3,50,-1,51,1,51,3,53,12,51,13,50,8,50,5,50,3,49,-4,48,-6,48,-4,49,-5,52,-4,52,-4,52,-4,53,-2,49,0,50,1,50,-9,58,-9,59,-6,58,-2,59,4,52,6,52,10,53,10,53,9,54,8,54,9,53,9,51,6,51,5,54,2,56
-6,68,-2,70,29,64,7,67,17,69,22,69,29,59,29,58,28,56,22,56,15,59,8,64,1,65,-5,66,-8,65,-6,67,0,66,-22,73,-25,65,-20,66,-14,65,9,73,13,73,17,72,15,72,13,71,10,71,6,74,1,73,-2,75,-6,75,-10,76,-5,69,-7,70,-5,71,-2,70,2,68,6,68,11,68,21,70,28,65,28,61,25,58,19,59,13,60,4,64,3,67,-6,69,-8,68,-9,68,-5,69,-1,67,1,68,6,67,-20,76,-24,76,-26,71,-23,68,6,68,0,68,2,72,10,74,17,73,18,72,14,73,10,72,1,71,-1,72,-6,75
9,31,9,33,6,32,8,31,7,29,6,32,6,31,5,32,5,32,5,28,5,32,7,31,6,33,7,33,5,33,5,32,4,31,1,35,0,33,-1,32,-3,32,-4,33,-4,33,-4,30,-3,31,-3,32,-4,31,-1,33,-5,32,0,33,1,34,1,34,9,34,8,33,8,34,6,34,6,34,5,31,5,31,5,33,3,33,2,31,3,31,4,31,6,32,5,33,5,33,5,34,4,33,3,34,2,33,3,32,1,32,1,30,1,35,1,35,2,34,0,34,-3,32,-3,32,-4,34,-4,32,-5,35,-4,33,-3,32,-4,31,-6,33,-1,32,0,33
15,53,13,54,1,50,3,51,-4,50,-5,51,-2,51,-3,52,-3,52,-1,53,1,54,5,52,8,53,12,54,13,55,10,55,-2,48,10,53,8,52,7,49,5,50,-6,53,-10,53,-8,51,-6,51,-4,51,-1,50,5,50,4,50,10,50,10,51,9,53,14,55,14,54,13,55,9,57,3,55,-1,54,-5,54,-7,51,-4,53,-4,52,-3,54,-1,54,1,55,3,55,9,56,10,55,11,55,10,56,7,56,1,53,-2,53,-5,53,12,52,11,54,10,53,8,52,5,50,5,51,-2,52,-6,54,-8,54,-9,53,-4,51,-2,49,4,49,9,47,9,50
28,62,30,62,3,69,8,68,13,68,3,69,-7,69,-4,70,2,70,6,70,11,70,17,70,21,71,24,71,30,68,29,64,-1,67,16,70,9,71,7,69,1,68,-13,71,-20,70,-23,68,-23,65,-23,60,-18,58,-13,60,-8,62,2,68,7,71,13,72,27,70,30,71,29,66,29,65,26,64,18,63,11,65,0,72,-8,72,-4,71,2,72,6,70,10,71,14,72,19,72,22,73,25,71,27,69,26,66,25,64,18,64,11,63,16,71,18,71,16,70,11,71,6,67,2,68,-8,71,-13,72,-17,72,-21,71,-23,64,-20,61,-10,62,-4,64,6,70
