-5,-15,-4,-16,-3,-16,-3,-16,-2,-16,-2,-17,-2,-17,-3,-17,-3,-17,-3,-16,-3,-16,-1,-16,-2,-16,-3,-16,-3,-16,-1,-16,-1,-16,-1,-17,-2,-16,0,-17,2,-16,1,-15,1,-16,0,-16,2,-16,0,-15,0,-16,0,-16,-1,-15,1,-16,1,-16,1,-16,0,-16,0,-15,-2,-15,0,-15,0,-16,0,-15,0,-15,-1,-16,0,-17,-4,-16,-3,-16,-3,-16,-1,-16,-3,-16,-3,-16,-3,-16,-3,-16,-3,-16,-2,-16,-1,-16,-1,-16,-3,-16,-4,-17,-1,-16,0,-17,0,-16,-1,-17,-1,-16,-1,-17,1,-16,2,-17,2,-16,0,-15,0,-15,-3,-14,-1,-15,0,-16,-1,-15,-1,-15,-1,-15,-2,-15,-1,-15,0,-16,0,-16,-1,-16,-2,-15,-1,-16,-3,-16,-2,-16,-1,-15,-1,-16,0,-16
0,0,0,0,0,0,0,0,0,0,0,0,0,0,0,0,0,0,0,0,0,0,0,0,0,0,0,0,0,0,0,0,0,0,0,0,0,0,0,0,0,0,0,0,0,0,0,0,0,0,0,0,0,0,0,0,0,0,0,0,0,0,0,0,0,0,0,0,0,0,0,0,0,0,0,0,0,0,0,0,0,0,0,0,0,0,0,0,0,0,0,0,0,0,0,0,0,0,0,0,0,0,0,0,0,0,0,0,0,0,0,0,0,0,0,0,0,0,0,0,0,0,0,0,0,0,0,0,0,0,0,0,0,0,0,0,0,0,0,0,0,0,0,0,0,0,0,0,0,0,0,0,0,0,0,0,0,0,0,0,0,0,0,0,0,0,0,0
-4,3,-2,3,0,5,-2,5,0,5,-1,4,0,4,1,4,0,4,0,4,-2,4,0,4,2,3,1,3,1,3,1,4,1,3,0,4,1,4,4,3,1,3,1,3,0,3,1,3,1,4,0,4,1,4,2,4,0,5,0,3,0,3,2,3,4,4,5,5,4,4,6,5,6,4,5,4,4,3,3,4,-1,4,0,3,0,3,0,4,1,6,0,4,0,4,-1,5,-1,5,1,3,3,3,3,3,3,3,1,3,0,3,1,4,0,4,-3,6,-1,4,2,3,4,3,4,3,2,3,2,4,1,4,2,5,1,5,2,5,1,4,1,4,2,5,1,6,2,5,2,5,2,5,1,4,4,4,4,4,6,5,5,4,5,4,6,5,6,4,5,4
14,13,-2,12,3,18,1,19,2,19,1,18,0,18,3,17,0,15,2,16,10,14,5,15,10,14,8,14,8,15,6,16,1,16,2,15,8,14,11,15,2,15,1,15,-9,15,1,16,-7,16,-7,16,1,16,4,16,-2,17,-7,15,-10,14,5,18,10,17,9,18,7,18,8,19,7,17,8,18,8,16,4,20,-7,16,2,15,2,15,3,16,3,19,0,16,-1,17,0,17,1,17,10,13,12,13,11,14,11,14,7,14,7,14,3,16,-1,17,-8,17,7,14,8,14,8,14,9,14,4,16,6,18,3,17,4,21,0,19,3,18,1,17,-1,19,5,17,1,20,3,18,4,18,7,19,-7,16,10,20,8,18,8,18,8,17,8,17,9,18,10,17,10,18
-1,19,-1,18,10,27,9,28,9,29,6,29,6,29,5,28,-6,17,-6,16,-6,15,-4,15,-1,16,-2,16,0,17,-4,16,4,27,-4,19,-3,18,2,18,2,25,4,18,2,17,-2,25,-3,26,-2,27,-1,29,1,28,3,24,3,22,5,20,7,20,7,19,3,18,-1,17,1,17,1,16,3,18,2,19,6,22,5,21,-4,16,-5,16,-3,16,8,30,5,29,5,26,-3,21,-4,19,-4,16,0,15,0,16,3,17,-3,14,-6,15,1,23,4,28,-1,19,-1,17,1,18,2,20,3,19,1,16,2,18,2,22,1,29,-4,32,-2,30,-1,31,-1,32,2,29,1,32,0,31,2,30,4,23,5,19,2,20,1,20,2,17,1,16,1,17,2,17,2,16,5,18
6,3,5,3,2,5,1,5,2,5,1,5,1,5,0,5,2,4,2,3,1,3,3,3,2,4,0,3,1,3,1,4,0,3,1,4,0,4,-2,4,-2,3,-2,3,-3,4,-2,4,-1,4,-2,4,-2,3,-2,4,-2,5,-2,4,0,4,-3,4,-3,3,-4,4,-5,3,-6,4,-4,4,-4,4,-4,4,-4,4,-3,4,2,3,2,4,1,4,1,6,0,4,1,5,2,4,1,4,1,3,0,3,0,3,-1,4,2,3,0,3,0,4,0,4,0,5,1,4,-2,3,-2,4,-4,6,-2,3,-2,3,-1,4,-2,5,-2,5,-1,5,-2,5,-1,5,-1,5,-1,6,-1,5,-1,5,-1,5,-1,4,-1,4,-4,4,-4,4,-6,4,-4,3,-4,5,-4,4,-4,4
14,14,11,16,7,19,5,19,5,20,5,20,3,20,-1,18,7,16,9,16,11,15,12,15,11,15,9,15,9,15,8,17,-4,17,5,15,8,15,-10,17,-4,15,-7,15,-10,15,-11,16,-9,15,-9,17,-6,16,-3,15,-6,16,-8,15,-9,14,-12,14,-13,14,-14,14,-15,13,-14,14,-14,14,-12,15,-12,15,-10,16,-8,16,6,18,6,17,5,18,4,21,-3,18,3,17,9,15,10,15,12,13,-4,16,12,14,-7,15,11,15,8,15,2,17,-3,18,2,18,9,14,-9,16,-7,16,-8,16,-11,13,-10,14,-7,15,-5,18,-6,18,-4,17,-5,18,-4,19,-4,18,-1,19,-2,18,-3,18,-4,16,-8,16,-10,16,-11,16,-11,15,-13,15,-12,14,-12,16,-11,15,-10,15
5,20,2,19,9,31,8,29,8,31,6,33,6,32,7,27,-4,17,-4,17,-2,16,-1,16,-1,16,-2,16,-2,16,-1,17,6,23,-4,19,-4,18,-2,20,-1,25,-6,26,2,16,-4,25,-3,20,-3,25,-6,27,-2,26,1,23,2,21,6,20,-3,19,-3,17,-3,17,-4,16,-5,16,-4,15,-3,17,-1,18,0,20,2,19,-4,16,-6,16,-5,16,8,30,4,26,1,25,-1,20,-1,19,-1,16,-1,15,-1,16,-1,17,-1,16,-3,15,0,20,2,27,-5,19,-1,17,-3,18,-3,18,-2,17,-3,18,-3,17,-1,22,-5,27,-6,32,-6,29,-5,27,-3,31,-1,28,-4,31,-4,30,-2,29,0,22,1,19,-1,20,-4,19,-3,16,-4,16,-4,16,-3,16,-3,16,-3,18
8,27,8,27,7,28,5,29,5,31,4,29,4,30,5,30,4,30,5,31,3,28,6,31,7,31,5,31,4,31,4,32,5,31,3,31,2,31,7,32,-9,31,-9,31,-9,31,-8,34,-5,33,-5,33,-3,33,-2,33,-5,33,-6,32,-5,33,-5,34,-4,34,-3,35,-3,35,-2,35,0,35,-1,35,-2,33,-2,33,0,33,3,30,3,30,3,31,4,32,3,31,3,30,4,32,3,31,7,30,8,31,7,31,8,32,4,32,3,30,4,31,4,30,2,33,2,32,1,32,4,31,1,32,-7,34,-7,34,-9,34,-8,34,-9,33,-5,33,-4,33,-3,35,-2,33,-1,36,-1,35,-1,34,-2,34,-2,34,-2,33,-4,35,-3,33,-3,34,-2,34,2,36,0,34,0,34
7,45,5,44,1,45,0,47,1,48,0,48,-1,49,10,51,0,48,1,51,-2,50,12,49,13,49,10,50,9,51,8,51,2,51,1,50,-4,49,9,54,-4,51,-2,51,-13,52,2,51,2,52,0,54,-1,53,1,52,1,52,-1,52,-3,52,-7,54,-9,53,-11,55,0,53,-8,54,2,53,2,54,2,52,5,52,8,50,-3,47,-2,49,-1,49,0,51,-1,49,-1,49,1,51,-4,51,10,51,13,49,13,50,11,51,8,51,6,50,3,50,2,48,-4,49,-4,48,-6,48,10,52,-3,51,-15,54,-13,54,-11,54,-5,54,-8,54,2,53,2,53,3,55,2,54,1,56,2,56,5,53,4,53,2,53,0,52,-5,54,-6,53,-6,53,-5,54,0,55,2,53,4,52
12,62,21,46,11,61,4,66,0,68,-3,67,-3,69,26,44,7,66,12,67,15,62,23,66,29,65,28,58,-9,69,25,46,21,45,7,70,14,52,19,72,-12,70,-23,52,-23,70,-10,71,0,75,3,76,4,73,4,73,-3,73,-7,71,-12,72,-17,72,-21,72,-27,72,3,71,-23,57,6,70,-19,51,-17,51,-15,54,-11,63,7,65,1,70,-2,70,-1,70,0,68,5,68,10,67,14,57,21,68,25,68,31,68,31,59,-9,68,24,46,22,45,19,46,14,51,16,68,6,65,24,68,-5,71,3,72,-30,44,-27,42,-9,72,-23,53,-16,62,-13,70,-4,76,2,76,6,75,6,74,3,73,-2,72,-7,72,-11,73,-16,72,-19,71,-24,70,-27,65,7,72,-21,54,-18,52
11,26,14,25,12,26,11,28,11,30,10,29,7,30,5,30,6,30,6,31,4,28,3,32,2,32,0,32,2,31,2,33,3,31,4,31,5,31,3,33,-9,30,-9,30,-11,31,-11,33,-9,32,-10,33,-10,32,-8,33,-8,32,-5,32,-3,33,-4,34,-3,34,-4,35,-6,34,-6,34,-5,34,-3,34,-4,32,-6,32,-6,31,11,29,10,29,9,30,9,31,6,31,6,30,6,32,6,31,4,31,2,33,2,33,2,34,2,32,1,31,4,31,5,30,6,32,5,31,3,32,2,32,3,31,-5,33,-5,33,-4,35,-8,34,-9,33,-9,32,-10,32,-9,34,-8,33,-7,34,-8,35,-7,34,-6,33,-4,33,-4,33,-2,35,-3,33,-3,33,-3,34,-4,35,-4,33,-2,33
7,45,11,44,19,46,18,47,17,49,15,49,13,50,-1,49,0,48,3,50,6,49,-4,49,-4,51,-3,52,-4,52,-4,52,-2,51,0,51,4,51,-5,49,-5,50,-6,51,1,50,-17,52,-16,52,-15,53,-13,52,-9,53,-9,53,-2,51,0,51,2,51,3,51,2,52,0,53,1,52,-2,52,1,53,1,51,-1,51,-6,51,18,49,16,49,14,50,13,52,-1,50,5,51,1,51,2,51,-4,49,-4,50,-3,52,-3,52,-4,51,-6,49,-2,50,0,50,3,50,8,52,10,52,-5,49,9,52,0,52,1,52,0,52,-4,53,-3,54,-11,54,-14,52,-14,53,-12,53,-11,54,-11,54,-9,53,-7,53,-1,51,-1,51,2,53,2,52,1,52,1,53,0,54,2,52,2,52
13,64,18,63,28,64,32,65,34,57,32,50,31,45,2,68,20,47,19,52,17,66,10,66,-1,71,-8,73,-8,71,-5,72,2,71,18,47,13,73,19,72,-12,69,-18,70,-19,62,-27,71,-31,71,-30,62,-30,54,3,71,-27,48,-21,50,-17,54,-14,61,-7,69,0,72,3,71,5,69,5,68,2,70,-3,69,-9,69,-14,68,27,70,32,70,33,62,32,56,0,70,25,50,19,52,15,68,11,66,2,70,-5,72,-9,70,-9,70,-6,69,1,69,7,69,12,71,17,71,20,69,1,70,28,63,3,71,2,72,-4,72,-22,47,-16,72,-19,73,-24,70,-27,71,-30,66,-28,59,-27,53,0,0,-25,48,-19,51,-17,57,-12,63,-7,69,-2,73,4,72,6,71,7,70,4,70
