7,-16,7,-16,7,-16,4,-17,4,-16,4,-17,6,-16,5,-16,-4,-15,-5,-16,-3,-16,-3,-16,-3,-16,-3,-16,-4,-16,-3,-15,-3,-16,-4,-16,-3,-16,-3,-16,-3,-16,-4,-16,-1,-16,-3,-16,-3,-16,-2,-16,-3,-16,6,-16,4,-17,2,-18,3,-17,5,-16,6,-16,6,-17,5,-16,5,-16,4,-16,5,-17,5,-17,5,-17,5,-16,-4,-17,-2,-16,-3,-17,-2,-18,-1,-16,-2,-16,-2,-16,-2,-16,-2,-17,-1,-16,1,-16,0,-16,0,-17,-1,-16,-1,-16,0,-16
0,0,0,0,0,0,0,0,0,0,0,0,0,0,0,0,0,0,0,0,0,0,0,0,0,0,0,0,0,0,0,0,0,0,0,0,0,0,0,0,0,0,0,0,0,0,0,0,0,0,0,0,0,0,0,0,0,0,0,0,0,0,0,0,0,0,0,0,0,0,0,0,0,0,0,0,0,0,0,0,0,0,0,0,0,0,0,0,0,0,0,0,0,0,0,0,0,0,0,0,0,0,0,0,0,0,0,0,0,0,0,0,0,0
0,4,-2,5,-1,5,4,5,3,5,3,5,-1,5,0,5,4,4,-2,5,-4,5,-4,4,-4,5,-2,4,5,5,2,6,3,6,2,6,2,5,2,6,2,6,-2,6,2,6,3,5,3,5,3,5,2,6,-2,4,-4,3,-5,4,0,2,2,4,3,6,0,6,-2,4,-1,7,0,6,3,6,5,6,4,5,4,5,3,5,-1,6,0,5,1,5,-2,6,0,6,0,6,0,6,0,6,1,5,2,6,2,7,2,5,2,5,2,5,2,6
11,16,-17,20,0,19,10,18,5,19,7,18,-11,19,0,23,2,17,-1,18,-3,18,-5,18,-4,17,-3,15,10,17,1,17,1,20,1,21,6,20,5,20,8,20,7,19,10,19,5,18,6,19,6,20,2,22,3,20,-18,12,13,12,12,14,11,14,-14,20,0,18,-6,22,-4,24,-16,16,-1,18,10,19,11,18,9,20,5,20,1,19,0,19,-2,19,-6,17,-3,18,-3,17,-3,18,-4,20,1,19,4,21,3,22,3,20,5,19,6,18,2,19
11,10,-4,29,8,21,-1,18,10,18,4,22,3,23,8,26,-7,19,-11,18,-11,17,-13,16,-12,15,-11,15,2,18,-6,17,-7,19,-7,21,-7,19,-8,18,-8,17,-10,15,-4,16,-5,16,-5,18,-8,20,-9,21,6,21,-9,23,10,2,12,7,11,10,-3,25,8,21,5,25,6,25,-3,22,7,20,9,17,10,15,12,17,-8,22,-7,20,-9,20,-12,17,-14,15,-12,15,-10,15,-11,16,-12,19,-8,22,-7,24,-8,23,-8,20,-4,21,-1,23,-8,19
-5,4,-4,5,-3,5,-6,6,-7,6,-5,5,0,4,-2,4,3,5,4,3,7,3,4,4,6,4,4,3,-2,4,2,7,2,6,1,7,2,5,3,6,3,6,4,6,2,6,0,5,-2,5,-1,6,1,7,-4,4,2,5,-4,4,-5,3,-5,4,-5,5,-5,4,-2,5,-4,5,-4,5,-7,4,-8,4,-8,4,-9,5,0,6,4,5,3,5,0,5,1,5,2,6,3,6,1,6,0,6,0,6,0,7,0,7,0,5,1,5,0,5,2,6
-8,17,-8,18,-9,20,-11,18,-13,18,-14,18,-1,18,-7,19,10,19,13,18,15,16,12,19,16,16,0,16,-9,16,7,20,3,21,0,24,7,21,8,20,10,21,10,20,11,19,7,19,-6,19,-3,23,-1,24,-15,17,12,15,12,9,-10,15,-15,18,-14,20,-7,17,-4,19,-7,20,-16,16,-17,16,-18,15,-17,15,-16,17,1,21,12,21,12,21,-2,20,13,20,12,22,11,21,7,25,-1,25,1,21,0,24,-2,25,0,21,6,20,5,19,3,21
2,8,-3,28,-1,27,-2,18,-2,19,-3,23,6,23,4,25,-3,21,1,26,6,25,2,22,8,23,-9,14,-11,14,-2,18,-4,19,-7,22,-7,20,-8,19,-6,19,-6,17,-2,18,-9,15,-12,16,-10,20,-11,21,10,21,16,6,13,5,7,9,-6,26,-2,24,2,20,3,24,3,25,-6,22,-6,20,-7,20,-6,20,-5,19,-7,23,0,26,1,28,-13,17,1,26,1,26,0,26,-10,17,-10,20,-7,23,-9,26,-10,24,-9,20,-5,20,-4,20,-6,20
-7,36,-7,36,-5,34,-1,36,0,35,1,35,-1,34,-1,33,5,30,2,30,3,30,2,32,2,31,1,34,-1,32,-3,35,-2,33,-4,35,-4,35,-4,35,-7,36,-7,36,-5,35,-6,34,-6,34,-1,35,-3,34,-12,32,-12,31,-10,34,-9,33,-7,34,-4,33,-6,33,-7,32,-8,34,-5,34,-4,36,-3,35,-2,34,-1,34,-1,31,2,34,-1,33,-3,32,-4,34,-6,32,-4,30,-5,32,-6,33,-6,35,-5,35,-6,36,-6,35,-2,35,-7,33,-7,32
7,56,5,57,3,57,-10,58,-7,60,4,56,5,55,10,55,-3,49,-6,49,0,51,3,52,5,52,6,54,0,55,-9,56,-8,55,-14,53,-16,52,-15,52,-15,56,-15,56,-13,55,-15,54,-15,52,-7,54,-12,54,-6,56,4,49,6,50,5,52,6,54,6,55,2,55,-1,57,-5,57,7,51,-15,56,-13,55,-11,57,3,51,-9,54,-2,54,0,55,2,55,0,56,-16,55,-11,53,-14,53,-15,54,-13,54,-17,53,-14,56,-12,54,-4,54,-16,52,-17,50
4,80,1,82,-5,81,-22,64,-28,67,3,78,-3,76,-8,70,14,57,7,67,12,69,16,71,19,71,22,70,19,64,-7,80,-1,76,3,76,-4,73,14,79,-20,79,-25,77,-24,77,-20,77,-13,75,7,73,-4,75,-22,69,-16,65,2,77,6,79,5,78,1,80,-7,79,-15,79,-21,79,-2,70,-31,70,-30,65,-29,63,5,72,10,61,8,71,14,75,18,74,21,71,-25,79,13,65,8,66,-7,77,-3,74,-15,76,-23,78,-26,73,9,71,6,68,-17,69
-11,36,-8,36,-7,34,0,36,-1,35,-1,34,0,34,-2,33,0,30,3,30,4,30,0,33,2,31,0,34,-3,32,-4,35,-3,33,-3,35,-1,36,-2,35,-3,37,-5,37,-5,36,-6,34,-6,35,-6,36,-5,34,-10,32,-13,31,-12,34,-13,33,-10,34,-7,33,-8,33,-6,32,-6,34,-6,34,-4,35,-3,34,-3,33,-6,33,-1,31,1,33,-2,33,-3,32,-6,34,-4,33,-6,30,-5,32,-5,33,-6,35,-5,36,-7,36,-8,35,-8,35,-9,33,-7,32
-17,58,-12,60,-1,56,7,54,4,55,4,55,5,54,2,54,-6,50,-10,49,-12,48,-14,48,-14,49,-13,54,-12,54,-11,57,-10,55,-9,55,-1,60,-16,52,1,59,-1,58,-1,58,-4,58,-14,53,-14,55,-14,56,-6,55,-18,54,-25,53,-27,54,-19,56,-13,58,-3,54,-2,56,2,54,7,50,7,51,6,52,5,52,2,51,-10,55,-15,53,-18,52,-19,52,-18,57,-3,57,-17,55,-16,55,-15,55,-16,53,-16,54,-15,56,-16,54,-17,54,-19,51,-19,50
-27,60,-31,63,-4,80,11,78,9,77,3,77,-13,65,-9,73,2,70,7,63,3,67,-5,72,-14,76,-20,78,-20,79,-6,80,0,78,5,80,11,80,14,79,18,79,17,74,18,72,15,69,12,70,-8,75,-1,76,-21,71,-30,69,-2,78,4,76,-27,57,3,80,-6,78,-13,78,-15,63,-3,72,5,75,10,75,10,73,5,71,3,76,6,68,0,73,-13,77,-26,80,18,67,-18,80,-11,79,-5,79,2,79,6,80,8,77,9,73,-27,73,-24,74,3,68
