-12,-12,-12,-12,-11,-13,9,-14,9,-15,9,-14,9,-14,8,-14,8,-14,7,-15,7,-14,8,-15,-9,-14,-8,-14,-7,-14,-8,-14,-9,-15,-9,-13,-8,-13,-8,-14,-7,-15,-7,-14,8,-16,8,-14,7,-15,8,-15,8,-15,7,-14,7,-15,8,-15,6,-15,6,-15
0,0,0,0,0,0,0,0,0,0,0,0,0,0,0,0,0,0,0,0,0,0,0,0,0,0,0,0,0,0,0,0,0,0,0,0,0,0,0,0,0,0,0,0,0,0,0,0,0,0,0,0,0,0,0,0,0,0,0,0,0,0,0,0
-1,2,0,4,0,4,-2,4,-1,5,-1,5,2,6,0,4,3,5,1,3,0,4,-2,3,-1,4,-1,4,0,4,4,2,5,1,6,3,0,4,-1,3,0,3,0,3,0,5,1,6,2,6,3,5,4,6,3,6,1,5,1,4,-1,4,-3,3
4,13,8,17,5,23,-4,23,-4,23,-4,22,-3,22,-4,19,-4,18,-6,17,-6,18,-10,15,0,20,2,18,4,15,14,12,13,12,12,15,3,17,6,17,6,15,5,15,-2,23,-1,23,-1,23,0,21,0,21,0,20,-2,21,-3,21,-8,20,-10,17
1,20,0,23,-5,19,6,22,4,22,4,24,5,26,2,27,1,29,-3,30,-4,34,-7,32,-10,15,-6,18,-3,20,5,21,6,22,4,28,2,28,-2,23,-1,20,-2,19,7,23,8,22,7,22,6,22,6,25,4,28,2,28,0,30,-2,32,-4,31
4,2,6,1,5,0,-6,4,-5,4,-5,4,-6,3,-5,2,-6,3,-4,2,-3,3,-1,3,6,2,5,2,5,3,1,4,-2,4,-2,6,2,3,4,3,3,3,3,2,-3,4,-5,4,-8,3,-8,3,-7,4,-8,4,-5,3,-4,3,-1,3,-2,2
14,18,14,21,8,23,-8,19,-7,19,-11,16,-14,15,-8,15,-14,16,-10,15,-9,15,-5,15,3,21,5,20,6,19,3,19,3,18,5,20,6,18,14,16,14,12,15,12,-6,18,-8,17,-12,16,-15,14,-14,15,-14,19,-4,17,-8,15,-4,16,-4,15
2,22,0,24,1,6,3,21,2,21,-1,22,-4,23,-2,24,-5,26,-4,27,2,22,4,16,-9,16,-5,19,-4,20,-3,23,-3,26,0,31,2,31,9,29,10,26,7,23,3,22,2,22,-2,20,-4,18,-3,21,-3,26,3,24,4,21,4,18,4,17
11,23,13,25,12,25,-15,32,-13,32,-12,33,-9,33,-8,31,-7,32,-9,31,-9,33,-9,31,8,26,9,27,9,28,7,28,7,29,6,31,8,29,14,29,8,29,8,29,-13,31,-12,32,-11,32,-9,33,-6,31,-7,30,-7,32,-7,33,-7,31,-8,31
23,44,19,47,13,46,-18,57,-19,54,-20,54,-18,54,-17,53,-14,57,-9,56,-1,56,5,49,-6,41,-3,43,-2,45,-3,45,-3,45,-2,46,2,46,18,49,-3,46,-1,47,-17,53,-19,52,-19,51,-16,52,-13,54,-9,56,-2,55,3,51,7,48,6,50
-5,64,34,43,32,44,-28,77,-29,71,-30,63,-30,58,-30,55,-29,55,-29,53,-25,55,-1,73,-1,62,-6,64,-9,65,-9,66,-4,67,1,66,8,66,27,68,2,68,-5,69,-27,73,-28,65,-30,57,-30,54,-18,54,-29,53,-25,53,-17,57,-3,71,6,74
14,24,15,25,15,26,-7,32,-8,32,-7,34,-5,33,-6,31,-5,31,-7,30,-8,33,-11,30,17,25,16,26,17,27,14,28,11,29,10,32,11,30,11,29,15,30,12,29,-8,30,-8,32,-8,32,-7,32,-7,30,-5,30,-4,32,-9,32,-11,31,-11,30
0,45,3,45,5,46,5,48,4,49,4,52,5,53,5,52,6,50,3,47,2,51,-14,54,23,49,25,50,26,50,23,50,18,51,14,53,7,51,-3,46,23,48,23,47,6,45,6,47,4,49,5,47,7,49,6,47,3,48,0,50,-12,52,-18,52
-3,67,2,68,10,67,-3,67,5,71,12,72,16,72,13,71,11,71,3,70,-4,70,-25,73,29,71,-6,63,-8,64,-8,65,30,51,1,67,29,53,9,65,2,67,-5,70,2,66,11,69,14,68,14,67,12,69,6,69,-1,68,-8,68,-23,72,-27,72
