-7,-15,-6,-14,-6,-15,-6,-15,-7,-14,-6,-14,5,-15,5,-15,5,-15,4,-15,-6,-14,-6,-15,-4,-14,-6,-12,-4,-15,-3,-15,-4,-15,-5,-15,-7,-15,-6,-15,-5,-14,-2,-16,-5,-15,4,-15,5,-15,-4,13,4,-15,4,-15,4,-16,3,-16,3,-14,-7,-14,-6,-15,-6,-15,6,-16,6,-16,6,-16,4,-16,5,-16,4,-15,4,-16,5,-15,4,-16,4,-15,2,-15,2,-15,3,-15,0,-15
0,0,0,0,0,0,0,0,0,0,0,0,0,0,0,0,0,0,0,0,0,0,0,0,0,0,0,0,0,0,0,0,0,0,0,0,0,0,0,0,0,0,0,0,0,0,0,0,0,0,0,0,0,0,0,0,0,0,0,0,0,0,0,0,0,0,0,0,0,0,0,0,0,0,0,0,0,0,0,0,0,0,0,0,0,0,0,0,0,0,0,0,0,0,0,0
3,2,1,3,0,2,0,3,2,3,4,3,-1,3,1,3,1,4,2,4,2,2,5,4,-1,2,1,2,0,3,-1,3,0,3,-1,3,0,2,-1,3,6,3,6,1,6,1,1,4,2,4,8,-44,1,3,3,5,1,6,-3,4,5,6,1,2,0,3,0,3,1,5,-1,6,3,4,4,5,5,4,5,5,4,4,5,5,1,5,2,6,0,5,1,3,1,3,6,4
10,11,1,14,2,14,3,15,5,16,12,14,-10,12,-3,14,-1,17,4,15,3,13,6,16,2,15,2,13,0,14,0,14,0,14,0,13,3,15,3,15,14,15,19,10,18,9,1,16,2,16,16,4,6,19,7,16,-2,26,-3,24,8,14,10,10,1,14,4,16,-2,19,-13,18,5,15,5,15,8,14,7,14,6,14,5,15,0,18,1,21,-6,22,1,15,2,17,8,16
3,17,-6,15,-6,17,-4,21,-2,23,14,24,2,21,0,24,-1,31,3,14,-2,18,1,24,1,25,-1,22,-7,15,-6,15,-6,16,-5,18,-4,22,-4,20,11,26,19,22,19,21,4,20,5,22,16,22,0,36,8,15,5,44,-14,26,3,12,3,17,-6,18,-3,24,2,28,-6,31,2,18,2,16,4,13,1,24,-12,26,3,23,1,28,0,33,3,30,2,23,4,20,4,17
1,3,1,2,1,2,2,2,1,4,-1,5,-3,2,-3,3,-3,3,-4,3,-1,3,1,2,3,2,1,1,2,2,1,2,1,3,2,2,2,2,1,3,-3,4,-5,3,-5,3,-4,3,-3,3,7,-42,-4,3,-4,4,-5,6,-5,3,-7,4,3,2,2,3,2,3,-4,4,-2,4,-5,2,-6,2,-6,2,-6,2,-7,4,-6,3,-5,4,-4,5,-3,4,-3,3,-3,3,-6,3
11,13,6,16,7,14,10,16,7,19,2,18,-10,12,-9,13,-7,17,-16,12,9,14,5,16,9,15,7,10,9,13,6,12,7,13,6,15,8,16,8,17,0,17,-8,13,-7,16,-8,14,-7,14,7,-24,-8,22,-5,15,-6,25,-16,13,-19,10,13,11,6,15,10,18,-7,17,-7,17,-17,12,-19,11,-17,10,-18,12,-18,14,-13,15,-9,17,-9,22,-5,18,-10,14,-11,14,-15,14
4,17,-4,14,-1,17,-1,23,-1,24,-5,23,-3,19,-6,22,-5,29,-16,26,0,19,-1,25,4,25,-1,-5,-3,15,-3,14,-2,16,-1,18,-2,24,-2,22,-8,20,-3,19,-2,24,-1,19,-1,21,9,-22,-2,35,2,15,-2,42,-10,25,-7,9,4,18,-3,17,-2,26,-2,27,1,23,-12,23,-14,24,-13,25,-11,26,-11,26,-8,25,-7,30,-4,33,0,29,-2,22,-1,19,-5,18
11,26,7,27,4,27,6,27,5,28,8,27,-4,27,-2,29,-2,32,-3,29,3,26,9,26,6,27,6,24,5,28,3,29,3,28,2,26,5,28,4,28,5,30,8,29,4,29,-4,28,-3,29,4,-18,-4,31,-3,29,-12,27,-4,27,1,31,7,25,3,27,4,29,-4,35,-7,33,-2,33,-4,32,-1,31,1,31,0,30,2,29,-1,32,-2,32,-5,30,-4,30,1,31,1,31
3,42,15,47,10,47,6,48,-3,46,-3,46,7,45,7,45,4,48,11,43,-3,45,3,44,5,47,11,43,-6,44,-5,48,-4,48,-4,46,-3,48,-2,48,-3,47,11,50,11,50,7,45,6,47,13,2,4,50,3,50,6,48,10,44,9,47,-1,42,-7,46,8,49,3,49,1,49,9,47,9,47,9,47,8,50,7,49,8,49,6,49,4,50,-1,52,-4,51,10,46,7,46
3,59,30,58,-11,64,26,52,-3,66,13,53,9,63,4,65,-2,64,3,63,-3,64,4,62,10,63,19,60,-6,65,-10,67,-9,67,-5,67,-1,66,4,66,12,57,24,68,26,66,11,65,11,65,8,-46,3,70,-2,69,-11,65,-1,65,17,66,3,60,-13,65,-8,66,-2,67,-8,67,-5,65,4,69,12,69,15,69,12,67,9,69,3,67,-3,68,-11,68,-16,69,5,66,10,65
7,25,7,27,5,27,5,28,4,29,5,27,-10,27,-7,30,-6,32,-8,29,8,25,5,26,8,27,4,24,7,28,7,28,6,27,6,26,3,29,6,29,4,30,2,29,0,29,-10,28,-8,29,3,-19,-9,31,-13,29,-17,28,-8,27,-7,30,9,26,4,28,4,29,-9,35,-6,32,-6,33,-7,32,-6,31,-4,30,-4,30,-5,29,-4,32,-4,32,-2,30,-2,29,-4,31,-5,32
-1,43,-6,46,11,48,-5,46,-5,47,-4,48,-13,49,-7,51,-2,48,-8,47,12,46,0,45,3,48,2,45,-6,44,18,47,15,49,9,47,-5,49,-2,49,-1,48,-8,43,-8,45,-16,48,-11,49,3,-5,-4,49,-5,48,1,46,-7,47,-12,47,0,43,-7,47,-7,47,-2,49,-2,49,-10,51,-15,51,-13,48,-12,48,-10,48,-5,49,0,48,1,49,6,48,8,46,-8,51,-11,52
3,61,-11,65,-11,65,-7,66,-2,67,4,67,-27,50,-6,50,-2,63,-20,63,27,55,2,63,9,65,13,61,-4,65,29,55,-9,68,-6,66,0,68,6,68,13,69,-1,62,-10,65,-25,57,-23,56,-2,5,-5,67,-18,58,-13,62,-16,65,-25,54,3,61,-13,65,-7,67,-2,65,-21,57,-19,67,-25,68,-25,61,-28,59,-27,54,-25,54,1,65,-16,57,-9,60,-2,63,-21,70,-28,69
