-7,-13,-7,-14,-7,-12,-8,-12,-8,-13,-6,-14,-7,-14,-7,-13,-6,-13,-6,-13,-9,-12,-6,-13,-6,-12,-7,-13,8,-13,7,-12,7,-13,5,-13,5,-14,6,-14,6,-14,7,-14,8,-7,7,-13,5,-15,-6,-13,-6,-13,-8,-13,-7,-13,-5,-14,-5,-14,-5,-13,-5,-13,-6,-13,-6,-13,-6,-14,-8,-13,-6,-13,-7,-14,5,-14,5,-14,6,-14,6,-14,7,-15,5,-14,4,-14,5,-14,3,-13
0,0,0,0,0,0,0,0,0,0,0,0,0,0,0,0,0,0,0,0,0,0,0,0,0,0,0,0,0,0,0,0,0,0,0,0,0,0,0,0,0,0,0,0,0,0,0,0,0,0,0,0,0,0,0,0,0,0,0,0,0,0,0,0,0,0,0,0,0,0,0,0,0,0,0,0,0,0,0,0,0,0,0,0,0,0,0,0,0,0,0,0,0,0,0,0
-2,3,-4,-1,0,3,7,3,-2,3,3,2,6,2,4,2,7,4,9,5,7,3,8,3,3,3,5,5,-2,3,1,4,-4,2,-6,2,-7,2,-8,1,-7,3,-6,4,-3,3,-3,6,2,4,-4,4,-3,2,-3,2,4,4,3,4,-1,4,1,4,-1,3,0,3,0,2,-1,2,3,3,7,5,7,6,-3,2,-8,3,-7,2,-7,4,-2,4,-1,4,4,5,6,3,5,4
3,14,-3,2,3,14,10,15,-3,13,0,14,13,13,12,12,12,13,13,14,12,12,14,13,11,14,5,15,-12,14,-3,15,-14,15,-17,13,-17,13,-17,13,-15,15,-13,17,-11,16,-7,21,-3,18,-1,15,-1,13,-3,13,2,14,3,16,2,15,4,16,1,14,2,15,0,14,0,13,4,15,12,14,8,17,-15,14,-15,16,-14,16,-12,18,-8,18,-3,19,6,18,8,16,5,15
-2,20,-10,6,-4,20,4,24,-6,20,-6,19,5,17,-6,21,1,19,4,22,4,20,6,18,-5,21,-2,23,0,21,-2,24,-4,24,-8,22,-7,22,-7,21,-5,23,-2,24,1,24,0,30,5,22,-7,17,-2,20,-6,18,-5,19,-2,21,-5,16,-5,16,-4,18,-5,19,-6,17,-6,17,-5,19,4,19,-4,19,-4,23,-4,23,-2,23,-1,24,2,23,7,18,1,19,-4,-1,4,21
5,2,-2,-9,4,3,-3,3,3,2,3,3,-1,3,-1,2,-2,1,-2,1,2,3,-7,3,0,3,1,3,-4,2,-4,1,1,2,3,4,5,3,5,3,5,3,2,4,-1,3,0,3,-4,1,5,2,6,1,5,3,0,3,2,5,2,3,2,3,3,3,1,3,2,3,4,3,2,4,-3,6,-3,5,1,2,5,3,5,3,4,3,-1,3,-3,2,-8,2,-6,1,-7,0
13,16,6,4,9,18,-4,16,8,5,12,13,-3,15,12,13,-4,16,13,13,11,13,-8,13,11,15,1,16,-15,13,-14,12,-4,12,1,15,3,16,3,14,2,13,0,14,-5,15,-2,16,-7,14,2,15,13,10,2,16,0,17,3,18,7,16,9,17,9,17,6,18,6,17,5,17,3,17,-4,19,-2,19,-4,13,2,12,1,13,2,14,-4,14,-12,13,-14,13,-13,13,-15,11
1,22,-7,10,-3,23,-4,26,-2,-3,-5,20,-7,18,-2,-3,-8,19,2,22,4,22,-3,17,-5,21,-5,20,-6,18,-8,22,-2,20,1,19,2,22,1,20,2,22,2,21,1,21,0,26,0,19,-7,18,6,22,-6,18,-6,21,-4,22,-4,18,-2,18,-2,22,-4,22,-6,21,-4,21,-7,22,-7,21,-8,21,-1,20,2,21,3,20,3,20,2,20,0,17,-7,16,-7,16,-15,14
7,26,-1,16,6,28,7,29,-2,25,-2,26,7,26,4,30,6,29,1,29,4,25,6,26,6,29,1,27,-8,26,-9,25,-12,25,-10,26,-10,26,-10,26,-8,26,-7,27,-8,24,-8,27,-3,26,-3,29,-1,27,-1,27,5,25,5,28,8,26,8,30,0,29,5,29,1,29,3,29,0,28,4,28,-1,27,-7,26,-9,26,-6,27,-6,28,-5,27,-8,29,-1,28,-5,29,-5,26
18,43,-10,30,12,47,6,47,-2,44,-6,42,9,46,-10,41,15,44,-8,45,10,45,10,46,6,49,-4,44,-2,43,-2,42,-6,45,3,41,3,42,1,43,1,43,2,44,-1,43,-6,47,6,42,-6,43,-5,43,-6,44,-5,43,0,46,10,47,15,48,-7,45,13,47,-7,47,6,48,0,47,-4,46,-10,44,5,40,3,44,3,44,2,44,1,44,6,42,5,43,-14,47,-12,49
34,51,-14,50,32,43,25,44,6,62,12,48,20,65,-3,59,29,61,-14,62,28,49,-10,61,27,51,1,62,-1,62,-6,61,-12,61,-3,61,4,63,6,63,3,63,-3,63,-9,61,-15,63,5,62,-7,62,-9,63,-7,63,-2,63,5,63,19,65,25,66,-8,66,31,60,-14,65,28,48,20,46,1,66,8,52,-2,61,7,64,6,64,0,64,-5,61,-30,64,8,63,-29,52,9,66
7,27,3,16,5,29,1,30,5,25,7,26,-3,26,4,28,-3,29,4,29,-4,26,-1,26,1,29,3,28,-16,25,-15,24,-10,25,-13,26,-6,27,-9,26,-6,26,-7,26,-6,24,-2,27,-10,25,5,28,6,27,5,26,1,26,5,29,4,27,2,30,6,29,1,29,1,29,-1,29,-3,28,-1,28,0,28,-11,26,-6,26,-7,26,-6,27,-6,27,-4,29,-8,27,-2,29,-6,26
-4,43,11,33,-4,45,-4,45,-1,45,3,45,-8,40,12,45,-8,42,14,45,-9,44,-7,43,-7,44,-3,45,-20,44,-16,45,-10,44,-22,43,-20,40,-19,42,-15,43,-11,44,-4,42,2,44,-17,45,15,44,14,46,9,47,5,49,0,48,-7,43,-8,43,16,47,-7,48,9,48,-8,47,-9,45,-6,49,-4,47,-20,43,-17,41,-14,43,-11,45,-2,42,6,42,-16,45,5,46,4,47
-9,62,-14,50,-5,64,0,64,17,44,13,64,4,55,24,63,-10,62,31,55,-16,62,-10,62,-4,63,19,52,-33,47,-34,45,-31,44,-33,55,-31,48,-32,45,-32,43,-29,42,-23,43,-15,48,-32,61,30,60,30,54,29,51,26,50,19,51,6,58,-1,63,29,64,-13,66,-14,66,-10,66,-7,65,15,48,7,67,-33,60,-31,48,-32,44,-29,43,-5,60,1,62,-29,55,11,64,10,65
