8,-15,9,-14,7,-15,5,-15,-9,-13,-8,-12,-8,-14,-9,-14,-8,-14,-7,-14,-8,-15,-8,-15,-7,-15,-6,-15,-7,-15,-6,-14,-7,-14,-6,-14,-7,-14,-8,-14,-9,-14,-9,-13,8,-15,6,-15,7,-15,6,-14,8,-14,7,-14,5,-15,6,-15,-10,-14,-9,-13,-9,-13,-8,-14,-7,-15,-7,-15,-7,-14,-7,-14,-7,-15,-8,-14,-7,-15,-8,-15,-7,-15,-7,-14,-8,-14,-7,-14,-6,-14,-7,-14
0,0,0,0,0,0,0,0,0,0,0,0,0,0,0,0,0,0,0,0,0,0,0,0,0,0,0,0,0,0,0,0,0,0,0,0,0,0,0,0,0,0,0,0,0,0,0,0,0,0,0,0,0,0,0,0,0,0,0,0,0,0,0,0,0,0,0,0,0,0,0,0,0,0,0,0,0,0,0,0,0,0,0,0,0,0,0,0,0,0,0,0,0,0,0,0
-3,2,-1,3,6,6,7,5,2,3,2,3,0,3,0,3,0,4,0,3,2,3,2,3,1,2,1,3,1,2,1,3,3,4,4,3,2,3,3,2,4,3,3,2,-2,3,-1,2,-3,2,-3,2,-1,3,-2,3,4,6,5,5,4,1,4,1,-1,3,2,2,2,3,1,3,-1,4,2,3,1,3,1,3,2,3,3,2,3,2,2,2,1,3,2,2,2,3,3,4
-16,9,-11,13,8,18,10,18,5,14,6,15,3,16,2,15,1,15,2,15,2,15,3,16,3,14,2,16,2,15,3,16,6,16,6,16,4,15,4,14,5,15,4,15,-4,16,-15,11,-16,11,-15,12,-11,14,-1,17,5,17,6,18,7,13,7,14,2,13,3,14,2,15,2,15,2,15,3,15,2,15,5,15,3,14,6,13,4,14,2,15,2,15,2,14,3,15,4,16
-13,24,-10,28,3,20,4,21,6,25,1,22,-4,19,-5,19,-4,18,-3,18,-3,19,-1,28,-3,21,-3,24,-3,23,-2,21,-3,20,-2,19,-4,18,-3,18,4,29,5,28,-2,23,-7,20,-8,21,-8,22,-3,24,3,25,3,22,6,24,-2,17,-2,17,-3,17,-3,19,-4,21,-3,22,-2,22,-1,23,-2,21,-1,22,-2,20,0,21,-2,17,-5,19,-5,20,-3,22,-2,23,-3,23
-1,2,-3,2,-7,1,-9,1,2,3,3,5,3,4,3,3,3,3,4,3,3,3,2,4,2,3,3,4,1,4,2,4,1,4,0,3,1,2,-1,2,-2,2,-2,1,-4,2,-4,1,-3,2,-4,2,-2,3,-3,3,-7,1,-8,1,-1,3,-1,3,5,2,2,4,2,4,2,4,4,4,3,4,1,3,0,3,1,2,-1,2,-1,2,1,2,0,3,0,3,1,3,3,4
-5,13,-9,13,-17,9,-17,10,7,15,9,17,4,19,3,16,4,17,6,15,3,17,3,18,6,16,8,19,2,17,4,17,4,17,1,18,0,16,-1,16,-4,17,-4,16,-11,12,-15,10,-9,13,-14,12,-9,15,-8,16,-17,10,-16,10,3,17,4,17,5,14,5,17,4,18,2,17,7,17,5,17,4,17,3,15,5,15,-1,15,-1,15,3,17,-1,17,0,16,3,17,4,18
-6,21,-3,21,-9,17,-9,16,5,24,1,23,3,27,3,21,0,21,2,21,0,19,1,22,-2,21,-2,25,-3,24,-2,22,-3,20,-5,20,-3,20,-5,19,-5,19,-3,29,-6,20,-10,20,-5,20,-9,20,-2,22,-2,24,-10,17,-9,17,-1,19,-1,19,1,18,-1,20,-3,23,-3,23,0,24,-1,24,-3,22,-1,21,0,20,-1,21,-4,19,-2,19,-4,20,-5,22,-3,24,-4,25
-15,25,-13,28,0,30,-1,31,4,25,4,28,5,29,4,30,2,30,2,30,1,31,0,30,1,26,1,29,0,29,1,31,1,30,0,30,-2,31,10,30,8,31,7,33,-14,27,-15,26,-17,26,-14,28,-11,28,-11,29,-7,29,-7,30,5,27,5,29,3,30,1,29,2,27,2,27,1,30,0,29,0,29,-1,31,-1,30,0,29,1,30,11,29,-2,29,0,28,1,29,0,29
-26,45,-3,46,0,44,-1,46,-3,45,-4,47,7,51,-4,50,-4,50,-4,48,-6,49,-9,50,-11,47,-9,48,-9,49,-7,49,-9,48,-11,48,-11,48,-10,48,6,46,6,50,-6,44,-4,44,-24,48,-23,48,-2,47,-1,48,-4,45,-15,48,6,47,9,48,-3,49,-6,49,-7,49,-6,48,-5,49,-8,48,-9,48,-10,48,-9,48,-8,49,-8,49,-10,49,8,50,-11,46,-10,47,-10,49
-4,65,-5,66,-2,63,3,62,-5,65,-1,66,18,66,22,67,-8,71,-11,68,-14,69,-15,69,-11,68,-7,67,14,58,7,59,7,68,-5,66,-11,68,-17,67,16,66,15,65,-13,62,-6,66,-29,65,0,67,-2,67,-7,66,-4,62,0,62,15,63,20,63,-9,69,-11,68,-7,69,-3,66,12,57,6,65,1,62,-4,66,-10,69,-14,68,-16,67,-16,67,3,56,-11,66,-7,66,3,67
-13,25,-16,28,-11,28,-11,29,10,24,9,28,6,29,6,30,6,29,8,30,3,31,2,30,2,28,3,29,1,30,1,31,1,30,2,31,0,31,-1,31,-2,32,-4,32,-18,26,-15,26,-12,26,-12,28,-14,28,-14,29,-12,29,-10,29,4,28,5,29,6,30,2,29,3,27,3,28,3,30,3,30,3,29,3,31,3,30,2,30,1,31,0,29,-1,30,0,29,2,30,1,30
-4,44,-20,47,-18,48,-18,48,14,49,11,51,-3,50,-4,49,9,50,10,50,7,51,5,51,-11,47,-10,48,-10,50,-8,50,-10,48,0,55,0,54,-1,54,-3,53,-12,50,-16,48,-4,44,-4,46,-4,47,-18,49,-16,49,-17,50,-4,46,-5,46,-3,48,8,48,-6,49,-7,49,-7,49,-5,50,-4,49,1,51,3,52,6,53,6,53,5,54,-10,50,-12,48,-12,47,-10,48,-11,49
-5,65,-6,66,-31,59,-30,53,-4,64,0,66,10,70,0,70,24,66,26,64,24,59,24,56,-11,68,-6,68,-2,69,4,69,7,68,14,72,16,71,18,69,16,67,-20,66,-34,54,-6,66,-2,67,-2,67,-26,48,-30,51,-31,66,0,63,1,64,-5,68,22,64,-10,68,-6,68,16,54,2,67,7,68,12,69,16,70,21,71,23,68,23,65,-15,67,-15,67,-11,67,11,61,2,68
