-8,-13,-9,-14,-8,-14,-10,-14,-8,-14,10,-13,-9,-13,-8,-14,-7,-14,-7,-14
0,0,0,0,0,0,0,0,0,0,0,0,0,0,0,0,0,0,0,0
8,3,9,2,10,2,7,3,9,3,-6,3,7,2,-1,3,8,4,-3,4
15,13,15,13,15,13,13,13,14,14,-8,19,13,13,0,15,11,14,-2,16
6,21,5,19,4,18,-7,19,3,19,5,23,3,15,-7,16,-8,18,-7,20
-2,8,-3,7,-3,6,-2,4,-4,6,2,3,0,5,6,3,2,5,6,4
-4,21,0,21,0,19,0,19,-1,21,2,15,-6,19,13,13,-1,19,2,21
-5,21,-6,20,-6,21,-8,21,-7,22,5,23,-6,17,1,16,-9,19,-8,21
9,33,7,34,6,33,4,30,9,26,-7,26,4,33,5,32,4,32,3,30
15,49,14,49,13,49,8,49,7,49,3,41,12,47,12,48,7,48,-5,42
27,64,-8,58,28,56,25,51,25,51,0,56,27,62,27,56,25,52,-3,61
-1,34,-3,34,-3,34,-3,30,2,28,-5,25,-6,33,-4,33,-6,33,5,30
-5,43,-5,46,-5,47,-7,47,-5,38,-11,40,-9,45,-8,45,-7,45,-12,32
-2,58,-8,60,-10,60,-10,61,-4,60,-28,40,-10,60,-11,60,-9,62,5,47
