-5,-17,-4,-17,-4,-17,-4,-17,-4,-17,-4,-16,-3,-17,-2,-18,2,-17,2,-18,1,-16,1,-18,0,-17,0,-18,0,-17,-3,-17,-4,-16,-4,-16,-3,-17,-3,-17,-2,-17,-3,-16,-1,-17,-1,-16,-1,-17,0,-17,3,-16,3,-17,3,-17,3,-16,2,-16,0,-16,0,-16,2,-17,2,-17,1,-18,0,-16,0,-17,0,-17,-2,-17,-1,-17,-1,-17,-1,-17
0,0,0,0,0,0,0,0,0,0,0,0,0,0,0,0,0,0,0,0,0,0,0,0,0,0,0,0,0,0,0,0,0,0,0,0,0,0,0,0,0,0,0,0,0,0,0,0,0,0,0,0,0,0,0,0,0,0,0,0,0,0,0,0,0,0,0,0,0,0,0,0,0,0,0,0,0,0,0,0,0,0,0,0,0,0
-3,6,0,5,6,2,5,3,-4,4,4,5,5,5,6,3,1,4,2,4,1,4,2,3,0,4,-2,5,0,4,1,4,3,5,2,5,5,4,-2,4,-1,5,0,4,-2,4,-1,4,-3,4,-2,2,2,5,2,4,3,3,3,4,2,4,2,5,1,5,1,3,-1,4,-2,4,-5,18,-1,5,-1,4,-1,5,0,6,0,7,2,5
-1,20,0,17,15,11,13,15,-3,18,-1,20,-2,19,7,18,-7,19,0,17,-1,18,3,16,-5,19,-8,17,-6,17,-1,19,1,19,1,19,4,19,0,18,-1,18,-2,17,-2,17,-3,15,-4,15,-3,14,0,18,-2,19,0,17,-3,17,-1,16,0,20,0,20,-1,19,-2,20,-6,19,-8,24,-8,19,-9,17,-10,17,-10,18,-7,19,7,21
-9,19,-7,16,15,21,-8,22,-9,26,-7,31,-3,31,4,29,7,20,9,20,6,23,6,27,-3,32,-4,31,-5,30,-10,26,-5,27,-1,32,2,32,0,31,8,30,-4,28,-6,26,-7,23,-7,22,-8,20,2,29,6,26,6,23,6,21,5,20,5,24,1,37,5,29,2,33,-2,33,-5,36,-7,34,-8,33,-9,32,-9,32,-6,34,13,36
10,8,0,5,-4,4,-4,3,-3,4,-3,5,-4,6,-5,4,-1,5,-2,6,-1,5,-2,3,2,5,1,4,2,4,1,5,1,5,0,5,0,4,3,4,2,6,2,5,3,4,1,4,3,4,1,2,-4,5,-3,4,-3,4,-2,5,-3,4,-3,5,-2,5,0,4,1,4,1,4,2,17,2,4,3,3,1,4,2,6,1,6,-1,6
9,24,6,23,-2,18,-2,17,-2,19,-2,21,-5,20,-7,18,-2,18,-4,17,-3,18,-4,17,3,19,2,16,2,16,0,19,1,20,0,21,-1,20,5,19,6,19,6,18,6,17,7,15,7,15,5,13,-7,18,-5,17,-5,16,-5,17,-5,16,-5,17,-4,19,-2,18,3,19,4,19,6,20,3,17,3,15,1,15,3,17,3,19,-1,21
-7,19,-5,17,-8,18,-9,22,-11,28,-9,32,-5,34,-5,31,8,20,6,19,5,23,0,27,14,23,12,18,11,16,-10,26,-8,30,-4,35,0,36,4,32,8,31,10,29,12,27,13,25,14,25,13,24,-8,30,1,25,2,22,3,21,3,20,1,23,-3,33,3,28,11,26,15,24,15,23,14,18,12,15,10,14,10,15,10,15,4,33
3,30,12,28,11,26,10,29,7,33,7,33,3,28,5,27,0,34,-5,32,-4,30,-1,29,2,35,3,36,8,39,11,30,9,33,2,30,5,28,2,29,3,33,3,32,5,29,5,29,2,30,4,28,-2,31,-3,29,-2,30,0,33,-1,33,-1,31,0,33,0,33,0,31,1,35,2,35,2,33,3,31,4,34,1,33,6,34,3,34
-5,42,16,47,16,47,16,49,12,50,8,52,4,50,7,45,7,52,-12,51,7,50,7,47,13,53,12,52,11,58,18,48,15,51,-3,48,5,50,2,47,3,50,6,50,10,48,10,47,10,46,9,45,10,47,8,46,8,46,6,52,6,52,7,49,8,49,5,52,6,53,10,52,13,52,13,52,12,49,10,52,-4,51,12,52,8,54
2,62,29,62,28,56,27,51,27,49,21,49,19,49,16,52,15,72,-28,53,10,72,6,69,0,72,7,75,14,75,29,50,30,50,-1,68,22,53,17,56,13,64,19,69,23,69,24,65,26,62,27,58,-1,67,6,69,11,71,13,73,12,73,7,72,3,71,0,70,-12,61,-8,66,-2,73,6,75,12,75,15,74,-23,63,16,73,0,70
10,29,7,28,5,27,3,29,1,34,0,33,3,28,-1,28,-9,33,0,32,-6,32,-5,29,-3,35,-3,37,-3,38,6,30,3,34,5,30,5,30,0,29,1,33,3,32,0,29,-2,30,-2,30,-3,28,-9,32,-7,29,-8,30,-6,32,-7,31,-6,30,-4,33,-1,32,-1,30,-2,34,0,35,-1,33,-1,31,-1,34,6,32,3,34,1,34
15,47,-4,41,-3,43,-4,50,-4,50,-5,49,-6,46,-3,47,-14,50,7,48,-10,55,-5,54,-4,52,-7,51,-9,51,-1,48,-3,53,10,52,-2,47,-3,49,-6,51,-8,50,-9,48,-8,46,-7,51,-7,46,-11,50,-11,48,-11,49,-11,50,-10,52,-8,55,0,51,2,52,3,52,-1,53,-3,52,-5,51,-5,49,-6,50,10,52,-2,51,7,50
29,66,-5,66,-10,67,-12,67,-11,68,-7,68,-2,67,3,66,-28,57,14,72,-28,55,-22,53,-17,72,-22,70,-24,68,-7,67,-5,69,27,52,3,66,8,67,11,62,6,65,0,70,-7,72,-12,71,-13,68,-20,70,-23,69,-25,67,-27,64,-28,62,-27,58,4,70,-14,56,-4,70,-11,67,-15,72,-18,72,-19,68,-22,67,16,73,-20,57,-6,59
