-3,-17,-4,-17,-3,-16,-3,-17,-3,-16,-3,-16,-4,-16,-3,-17,-4,-17,-4,-16,-4,-17,-5,-16,-5,-16,-4,-16,-4,-16,-3,-17,-2,-17,-2,-16,-2,-16,-3,-16,-2,-17,-3,-17,-4,-17,-4,-16,-4,-16,-4,-17,-5,-16,-5,-16,-4,-17,-4,-17,-3,-16,-4,-16,-4,-17,-5,-16,-3,-16,-4,-16,-4,-17,4,-17,5,-16,4,-16,4,-16,3,-16,3,-17,3,-16,4,-16,3,-16,4,-16,3,-16,4,-16,4,-16,4,-16,5,-17,5,-16,5,-16,4,-16,5,-16,5,-15,5,-15,7,-15,7,-16,7,-15,8,-15,7,-14,8,-15,8,-15,8,-14,8,-15,8,-15,8,-14,-2,-15,-3,-15,-2,-16,-2,-15,-3,-15,-1,-15,-4,-15,-4,-15
0,0,0,0,0,0,0,0,0,0,0,0,0,0,0,0,0,0,0,0,0,0,0,0,0,0,0,0,0,0,0,0,0,0,0,0,0,0,0,0,0,0,0,0,0,0,0,0,0,0,0,0,0,0,0,0,0,0,0,0,0,0,0,0,0,0,0,0,0,0,0,0,0,0,0,0,0,0,0,0,0,0,0,0,0,0,0,0,0,0,0,0,0,0,0,0,0,0,0,0,0,0,0,0,0,0,0,0,0,0,0,0,0,0,0,0,0,0,0,0,0,0,0,0,0,0,0,0,0,0,0,0,0,0,0,0,0,0,0,0,0,0,0,0,0,0,0,0,0,0,0,0,0,0
-1,6,-2,5,-2,6,-2,6,-2,6,-1,6,-1,6,-1,6,-3,6,-2,6,-1,5,-2,5,-2,5,-1,6,-2,5,2,5,3,6,3,6,3,5,2,5,3,5,4,4,4,4,2,5,3,4,5,4,3,5,4,4,5,4,5,4,5,5,5,5,4,5,4,5,6,5,3,5,6,4,-4,5,-2,5,-2,4,-3,7,-2,5,-3,5,-3,5,-2,7,-3,7,-3,7,-4,6,-2,6,-2,7,-3,7,-2,6,-2,6,-2,6,-3,4,-2,4,-2,5,0,6,0,6,-1,5,-2,5,-3,4,-3,5,-5,3,0,6,0,6,0,6,-1,5,-1,6,-1,4,0,5,0,4,0,4,-2,3,2,3,-1,3,0,3
-1,18,-4,18,-3,19,-4,20,-4,19,-3,19,-3,18,-2,19,-4,18,-3,18,-4,16,-5,16,-5,15,-5,16,-4,15,0,18,2,21,1,21,2,20,-1,20,1,20,2,19,2,19,0,20,3,19,4,19,2,20,4,19,5,19,4,19,5,19,3,20,3,20,3,19,4,20,1,19,4,18,-2,21,-1,21,-3,20,-3,21,-2,19,-2,19,-3,19,-2,22,-2,22,-2,21,-5,21,-3,21,-2,21,-5,21,-4,21,-1,19,-3,20,-4,19,-3,18,-2,20,0,21,-2,19,-4,19,-4,21,-5,20,-7,19,-8,18,1,23,-1,22,0,20,-6,19,-4,20,-5,14,-3,16,-3,15,-1,16,-3,15,0,16,-3,14,-1,13
-3,29,-6,30,-5,31,-4,33,-4,32,-4,29,-3,29,-4,30,-6,28,-8,25,-9,23,-11,23,-12,22,-12,23,-11,22,-7,24,1,36,0,35,-1,34,-2,32,-1,34,-1,31,-1,31,-5,31,-5,30,-4,28,-6,29,-5,28,-4,28,-4,29,0,31,1,34,0,32,0,32,2,34,1,31,4,31,7,30,7,30,7,30,6,31,4,31,5,30,3,33,1,36,1,36,-1,32,-2,36,-1,36,-1,36,-3,35,-3,34,7,22,-2,32,-2,34,-1,33,0,35,2,34,2,34,3,34,4,34,6,32,6,31,9,30,9,30,7,30,6,31,2,33,0,36,-11,21,-4,26,-5,25,-6,24,-7,23,-2,27,-5,22,-5,21
4,6,4,6,4,7,4,6,4,6,5,6,3,6,4,6,5,6,5,7,6,6,4,7,3,6,3,7,5,6,1,6,0,6,-1,7,-1,6,-1,5,0,6,-2,5,-1,6,0,6,0,6,-1,6,2,6,0,5,-1,6,-2,6,-2,7,0,6,-1,6,-2,7,-1,8,0,6,-2,7,1,4,0,4,1,3,2,4,-1,4,1,3,1,4,1,6,0,5,1,4,0,4,-2,4,-1,4,-1,4,0,3,1,3,0,4,-1,4,-1,3,-2,4,-3,4,-4,4,-3,4,-4,4,-3,4,-4,4,0,6,-5,3,-5,4,-5,3,-5,3,-4,4,4,6,1,5,1,4,1,4,1,4,0,3,1,4,2,4
4,21,3,22,2,23,1,24,3,22,5,22,5,22,6,21,7,23,7,24,8,23,7,23,4,22,5,22,7,22,2,22,-3,21,-4,22,-4,21,-6,20,-4,21,-5,20,-3,21,-1,23,0,23,-1,24,1,23,-1,24,-1,24,-1,23,-3,22,-1,23,-4,23,-4,22,-4,23,-3,21,-4,21,1,17,0,17,1,16,1,17,-1,18,4,16,4,17,2,20,1,19,1,18,0,18,-2,18,-2,17,-1,18,1,15,3,15,2,15,-2,18,-1,17,-3,18,-4,18,-4,18,-4,18,-5,19,-5,19,-4,19,0,20,-7,18,-6,18,-7,17,-7,18,-5,18,6,20,0,19,0,18,1,19,1,19,-4,17,1,17,3,19
-4,32,-5,33,-5,35,-5,37,0,36,2,33,2,35,3,35,3,36,3,38,4,37,3,36,-3,34,2,34,4,36,1,36,-2,36,-3,36,-3,37,-6,33,-4,35,-6,36,-7,35,-8,34,-9,32,-11,32,-11,32,-11,31,-11,31,-10,31,-8,34,-4,37,-4,38,-3,36,-2,35,-1,33,-1,33,3,28,4,26,3,29,3,28,-1,30,4,28,4,30,5,31,2,30,0,30,2,28,0,30,2,26,5,23,7,20,8,20,8,20,-4,31,-1,29,-1,31,-2,30,-1,30,-1,31,0,31,1,30,3,30,7,29,2,26,1,28,-2,28,-3,30,-2,31,3,32,-5,30,-5,28,-7,26,-8,25,-7,28,-2,23,2,30
-5,32,-4,30,-5,31,-5,32,-5,32,-3,33,-3,32,-3,33,-4,32,-2,32,-1,30,-3,31,-3,30,-1,31,-2,30,1,31,0,33,0,32,-1,32,-1,32,-1,32,0,31,2,32,2,32,-2,31,0,32,-1,32,-1,32,-1,32,-1,31,2,32,3,33,2,32,0,33,3,33,1,31,4,31,-1,31,3,32,2,32,1,31,3,32,2,31,1,32,2,32,2,33,1,31,0,30,1,30,1,30,0,30,-1,29,-1,30,0,30,0,30,0,29,0,30,-1,31,-1,31,-1,31,-2,32,-1,33,-4,31,-2,32,-1,33,-1,32,-2,31,0,32,-2,31,-4,27,-3,28,-3,26,0,28,-3,27,2,28,3,29,4,28
-15,49,-14,47,-14,48,-14,49,-12,50,-4,52,-8,51,-7,52,-3,52,0,51,2,50,-11,50,-10,49,-8,49,-9,48,7,48,5,50,0,50,-1,50,-3,50,-3,50,-1,50,0,51,2,52,-9,47,-9,50,-9,52,-10,51,-10,51,-10,50,9,51,7,53,4,53,-6,51,-1,53,-3,51,3,50,-3,50,13,47,14,47,14,47,13,48,12,47,12,47,11,48,8,50,7,49,6,50,9,49,10,47,11,48,-4,48,10,48,8,47,9,47,9,48,7,49,4,48,3,49,1,49,-1,50,6,46,-6,49,7,46,6,47,6,48,6,47,5,45,1,50,-12,45,-10,42,-10,41,-10,42,-10,43,6,45,6,44,8,43
-25,64,-21,65,-19,66,-15,66,-12,68,15,65,-7,70,-5,71,0,69,1,70,5,69,-15,72,-20,70,-21,69,-22,67,21,64,21,64,19,63,16,62,12,63,9,64,3,66,2,70,6,71,-11,68,-15,66,-18,66,-19,65,-17,66,-15,66,24,67,25,67,24,65,-4,70,18,66,1,70,6,67,-8,68,22,62,24,62,22,63,18,64,16,65,14,66,12,67,9,69,-11,63,-9,63,0,65,3,68,8,68,-8,67,17,67,19,65,11,66,9,67,7,68,4,69,1,70,-2,68,-6,68,1,63,-12,68,9,63,12,61,12,63,10,63,8,64,-18,61,-16,63,-6,59,-11,59,9,61,-18,56,21,57,11,61,13,59
1,33,1,30,0,32,0,33,1,33,-1,33,-2,32,-2,34,-1,32,0,33,1,31,2,32,1,31,2,31,2,31,-2,31,-3,32,-3,32,-2,32,-2,32,0,33,-1,32,-2,32,0,33,1,33,1,32,2,33,1,33,2,33,0,31,0,34,-2,33,0,33,0,34,1,34,1,31,1,32,4,30,-2,32,-1,31,0,30,-2,32,-2,31,0,32,3,31,3,32,4,31,3,30,0,29,-1,29,-1,29,1,28,1,30,-3,29,-3,29,-2,28,-2,29,-3,29,-2,30,0,30,0,31,-3,32,-1,31,-4,32,-5,32,-4,31,-4,30,-4,31,-2,31,1,28,1,29,1,28,0,28,1,28,-2,28,-1,29,2,28
5,51,5,49,4,52,2,52,-1,53,-8,51,-8,52,-6,53,-10,51,-10,51,-11,49,2,50,3,49,5,48,7,48,-11,50,-10,51,-9,51,-7,50,-6,51,-4,50,-8,48,-8,49,-10,48,4,52,5,51,7,52,8,52,9,52,9,51,-9,51,-8,51,-7,50,-1,53,-3,52,-3,52,-6,51,14,45,-5,50,-6,49,-7,49,-7,49,-7,49,-4,50,0,51,3,52,7,49,6,50,1,49,-1,48,-3,49,11,47,9,46,-7,48,-8,46,-4,45,-3,47,1,47,1,48,2,47,0,49,-4,49,6,45,-7,50,-10,50,-12,49,-11,49,-9,49,1,49,1,44,0,46,3,45,4,46,5,45,-10,44,-8,45,-7,44
14,69,18,68,20,68,20,66,18,65,-10,69,11,65,8,67,-1,69,-3,70,-8,69,6,70,8,69,12,68,15,67,-16,69,-14,70,-11,71,-8,71,-6,72,-1,71,1,70,0,68,-6,69,9,71,12,69,15,69,18,69,20,68,22,68,24,67,-9,68,-7,69,21,66,0,71,14,66,8,67,20,63,-10,68,-13,66,-16,67,-19,66,-20,64,-20,64,-18,62,9,68,7,69,3,69,-2,66,-3,68,-6,68,13,69,16,67,-13,66,-23,60,-22,58,-21,57,-17,58,-13,59,-9,60,-5,64,-8,68,4,64,-14,68,-17,67,-24,65,-26,63,-26,64,-1,67,5,62,3,62,6,61,-14,58,11,61,-12,59,-12,63,-14,60
