4,-16,3,-15,4,-17,5,-16,5,-18,5,-17,4,-16,4,-17,3,-17,5,-16,2,-17,3,-17,3,-17,3,-17,3,-18,3,-17,2,-17,4,-16,4,-17,1,-15,3,-16,-2,-16,0,-16,3,-17,4,-16,4,-16,5,-16,4,-16,4,-16,5,-16,5,-17,5,-15,5,-15,-4,-16,-3,-15,-3,-16,-4,-16,-3,-15,-3,-17,-3,-16,-4,-17,-4,-17,-3,-16,-3,-16,-4,-16,-2,-17,-4,-17,-2,-17,-4,-17,-1,-16,-2,-16,3,-17,-1,-1,2,-18,2,-17,-4,-20,-3,-23,2,-17,2,-17,3,-16,1,-17,0,-20,-2,-15,1,-16,2,-18,3,-18,4,-18,2,-20,2,-17,1,-17,0,-14,3,-17,2,-17,3,-17,3,-16,3,-16,-2,-16,1,-13,-4,-1,-3,-14,-3,-16,-3,-16,-2,-16,-1,-17,-3,-16,-3,-14,1,-16,-4,-13,-2,-16,-2,-16
0,0,0,0,0,0,0,0,0,0,0,0,0,0,0,0,0,0,0,0,0,0,0,0,0,0,0,0,0,0,0,0,0,0,0,0,0,0,0,0,0,0,0,0,0,0,0,0,0,0,0,0,0,0,0,0,0,0,0,0,0,0,0,0,0,0,0,0,0,0,0,0,0,0,0,0,0,0,0,0,0,0,0,0,0,0,0,0,0,0,0,0,0,0,0,0,0,0,0,0,0,0,0,0,0,0,0,0,0,0,0,0,0,0,0,0,0,0,0,0,0,0,0,0,0,0,0,0,0,0,0,0,0,0,0,0,0,0,0,0,0,0,0,0,0,0,0,0,0,0,0,0,0,0,0,0,0,0,0,0,0,0,0,0,0,0,0,0,0,0,0,0,0,0,0,0,0,0,0,0
-1,1,-1,3,0,5,0,3,-1,2,0,3,-1,4,-2,4,-2,4,-1,3,-2,6,0,2,-1,3,-1,2,-1,4,-2,3,-1,4,1,4,-1,3,-4,5,0,4,-4,1,8,1,-1,2,-1,3,0,3,-1,2,-5,2,-5,1,-5,1,3,4,-3,3,-6,2,3,4,3,5,2,5,1,3,1,3,3,4,1,3,0,3,0,1,1,5,0,4,2,5,2,3,2,3,2,3,1,3,2,5,2,5,-3,3,-8,4,0,4,0,6,-8,0,-5,1,0,6,0,7,0,9,-2,3,-3,11,-2,2,0,7,0,3,1,3,1,2,0,3,-1,6,0,3,-1,4,-1,2,0,3,0,2,3,4,-4,1,1,2,2,-10,1,7,-2,2,2,5,0,4,-1,3,-2,6,-1,2,3,4,0,-2,-4,1,1,5,1,4
0,14,-2,11,0,19,1,19,2,18,-1,17,0,19,2,19,-3,17,-1,15,0,15,2,15,1,16,1,14,1,20,0,13,0,17,2,15,-1,13,-2,17,-1,11,12,16,12,15,0,14,1,16,0,14,2,17,-6,12,-7,11,-6,11,7,21,7,21,-6,13,-4,17,-1,19,-3,18,-2,18,-4,18,-3,18,-2,17,-4,17,-5,17,-4,19,-5,19,-2,19,-1,17,-2,16,0,18,-2,18,0,19,-1,20,-3,18,-6,3,0,18,1,20,-8,15,-3,18,3,23,3,23,5,26,1,18,-2,13,0,16,0,19,1,16,2,17,1,14,1,13,0,15,0,14,-2,18,0,15,5,22,5,18,7,21,-7,12,-2,17,0,6,-4,21,-4,18,-3,20,-4,19,-5,17,-5,19,-3,16,-1,-10,-2,13,-10,19,-3,20,-3,20
6,29,4,4,10,33,9,33,7,29,1,31,7,31,8,33,0,34,4,32,-1,35,5,30,6,28,5,27,8,32,4,26,5,32,5,28,3,27,0,30,3,25,20,23,11,23,3,24,6,28,4,26,8,29,4,14,3,15,3,15,12,31,12,32,11,32,-12,28,-10,30,-11,31,-11,29,-12,30,-12,28,-11,27,-12,28,-13,27,-12,28,-12,29,-11,30,-4,31,-4,30,-9,32,-11,31,-10,30,-10,31,-4,38,-8,2,5,36,7,36,5,34,7,30,12,35,13,34,14,36,0,34,9,19,1,33,2,33,3,30,3,31,4,28,4,27,5,29,4,28,5,35,5,28,10,35,12,33,11,32,2,16,-9,31,-7,19,-11,32,-13,31,-12,30,-12,31,-12,29,-12,29,-11,35,-13,41,-5,29,-16,33,-10,34,-13,33
-3,5,-2,6,-2,6,-2,5,-2,5,-2,4,-2,5,-3,5,-3,5,-2,5,-3,8,-2,4,-2,5,-2,5,-3,6,-3,6,-2,6,-2,5,-3,5,-4,7,-3,6,-5,3,-6,4,-3,3,-1,4,-3,4,-2,4,1,4,3,4,3,4,-5,3,1,4,4,4,0,3,-2,4,-2,5,-1,4,-1,3,-1,4,0,3,0,4,-2,1,0,5,2,5,-1,4,-1,4,-1,3,0,3,0,3,1,4,1,6,-1,3,-4,5,-2,6,-3,6,-7,3,-7,7,-3,6,-1,6,-2,9,-2,6,-3,12,-3,6,-3,7,-2,4,-2,6,-2,3,-3,2,-3,6,-1,4,-3,7,0,3,0,4,0,4,-2,5,2,4,-2,1,1,-10,-1,4,-3,1,-1,5,0,5,1,4,-1,6,-2,4,-2,8,-1,-2,-5,3,-1,5,0,4
-1,18,-2,21,0,21,-1,20,1,20,-2,19,-1,21,0,21,-1,19,-1,19,2,22,-1,19,-1,19,-2,14,-1,21,-4,16,-3,18,-3,16,-4,14,-5,20,-5,16,-6,19,-6,16,-4,14,-2,16,-3,16,-3,17,1,15,3,15,5,17,-3,16,-2,18,5,17,-5,17,-6,18,-4,20,-5,18,-6,19,-7,19,-4,18,-4,18,-6,17,-5,19,-3,19,-3,19,-5,17,-5,16,-3,19,-3,18,-2,19,-2,21,1,19,-6,2,-3,21,-2,22,-4,26,-3,20,0,22,2,23,1,25,1,21,-3,15,-3,18,-4,19,-2,17,-3,18,-1,16,-3,14,-4,11,-2,16,-3,22,-3,16,-1,18,-1,18,-3,17,4,18,-5,18,-3,6,-5,20,-6,19,-4,19,-1,21,1,18,-5,18,-7,20,-6,37,-5,14,-8,21,-4,21,-3,21
1,28,8,33,9,34,8,34,8,33,-1,30,6,34,7,33,7,33,5,32,5,30,6,28,8,33,0,26,4,30,0,24,0,30,-3,27,-4,26,-6,31,-5,26,0,32,4,23,-4,25,3,26,-2,25,2,26,0,17,3,26,9,27,12,30,-1,30,10,30,-13,28,-13,31,-11,32,-14,31,-14,31,-14,30,-13,28,-14,29,-14,28,-14,30,-12,29,-12,30,-7,30,-8,30,-10,32,-11,32,-11,32,-12,32,12,29,-6,6,-2,33,3,34,4,33,7,31,11,34,13,35,12,34,7,28,4,31,-1,33,-3,32,-3,30,-3,31,-2,28,-1,25,0,26,-3,27,-2,31,1,25,4,30,5,27,7,29,11,31,-11,32,-10,20,-12,33,-14,31,-14,32,0,37,1,36,-11,29,-6,33,-10,42,-10,31,-16,33,-13,35,-12,33
3,34,3,35,-1,30,0,33,0,34,-1,32,-1,35,-2,34,-3,34,-1,34,-1,31,1,28,0,30,1,30,0,30,1,31,0,31,3,31,2,30,0,31,3,29,2,29,2,29,2,26,-3,29,-1,31,-1,29,-3,28,-4,28,-4,31,-3,32,-3,33,-4,33,-1,34,1,34,-9,33,-2,32,-1,31,0,31,-1,31,-1,31,-1,31,-1,33,-2,34,-1,33,-5,32,-6,33,-2,32,-4,33,-2,33,-3,34,0,38,-1,1,0,34,-1,34,-8,29,-6,27,-2,33,-3,33,-3,37,0,26,0,31,1,31,0,33,2,31,2,31,4,30,3,29,2,31,3,30,-2,30,-1,29,-3,31,-2,31,-3,32,-5,33,-2,32,1,20,-2,34,-4,33,-5,33,-4,34,-3,33,-3,33,-6,33,-8,36,-5,31,-12,33,-2,34,-6,34
6,53,5,54,1,51,0,53,-2,53,-3,52,-5,54,-6,52,-7,53,-5,51,-5,52,-1,52,0,53,2,52,3,51,4,51,7,51,7,51,7,50,6,53,8,51,5,51,6,49,8,50,2,48,0,49,1,49,-1,48,-4,48,-6,50,-8,50,-8,51,-10,52,-1,51,1,53,-14,53,-8,52,-8,53,-7,51,-5,53,-2,54,-1,53,1,53,3,54,4,53,-12,51,-14,51,2,55,-13,54,4,55,-12,56,9,57,6,19,3,53,1,55,-7,51,-8,49,-7,55,-8,54,-10,55,-5,51,2,51,4,50,5,52,8,51,9,50,10,50,9,51,8,54,6,51,0,52,1,50,-1,51,0,50,-5,51,-7,51,-9,53,-6,40,-7,53,-5,53,-12,53,0,53,-11,53,-12,55,-14,54,-15,56,-3,54,-21,51,1,56,-14,55
5,76,2,77,-2,73,-5,75,-8,73,-10,73,-14,74,-16,72,-18,72,-19,71,-22,69,-22,68,-20,67,-17,68,-14,67,-7,69,-3,70,1,72,4,71,8,76,13,72,12,69,11,70,10,71,-2,72,-5,71,-7,71,-3,71,-12,70,-14,69,-16,67,-18,68,-20,69,0,73,3,74,-16,71,-13,72,-10,74,2,71,-4,75,0,75,1,73,5,73,8,73,11,72,-1,72,-13,73,7,76,-20,72,12,76,-21,73,20,73,8,41,1,76,-3,77,-11,74,-13,70,-12,75,-15,74,-18,74,-25,68,-17,67,-11,67,-4,71,0,70,4,72,10,72,13,72,15,70,5,70,-1,73,-2,73,-6,71,-7,71,-11,71,-14,71,-12,73,0,58,-4,74,-3,75,-14,75,3,73,-21,71,-24,71,0,69,-4,76,-2,74,-18,73,6,77,-22,74
2,34,2,34,2,30,5,33,5,34,3,32,3,35,2,34,4,34,5,34,5,31,4,28,4,30,1,30,-2,30,-1,31,-2,31,-3,31,-4,31,-7,32,-5,29,12,25,-5,28,-3,26,-2,29,-3,30,-2,29,-2,28,-1,28,-1,31,-2,32,-1,33,-2,33,-7,33,-6,35,-3,33,-6,32,-5,32,-4,32,-4,31,-3,31,-3,31,-3,33,-3,33,-4,33,-3,32,-5,33,-2,32,-2,34,-1,33,-2,34,-3,37,-6,1,-3,33,0,34,-4,28,-3,27,-2,33,0,33,0,37,3,25,-2,31,-3,31,-2,33,-3,31,-3,31,-3,30,-4,29,-6,31,-4,29,-5,30,-2,29,-4,31,-3,31,-2,32,-2,34,-7,31,-4,20,-5,34,-5,32,-2,33,-2,34,-1,33,-1,33,-6,33,-5,36,-6,31,-7,33,-5,34,-1,34
6,52,7,53,10,50,10,52,10,51,9,51,10,53,9,51,9,51,10,50,8,48,9,48,8,51,5,50,3,50,3,50,0,50,-2,51,-5,50,-8,52,-7,49,-15,50,-11,48,-8,48,2,47,0,48,1,48,1,47,3,47,3,47,3,48,4,50,3,50,-15,49,-15,51,-5,54,-10,53,-9,54,-9,52,-9,53,-11,53,-12,52,-12,55,-12,56,-13,56,-5,54,-2,56,-12,51,2,56,-12,56,5,56,-10,52,-11,20,3,52,4,53,1,49,4,46,9,53,9,53,9,54,10,47,3,49,4,49,1,52,-1,51,-4,51,-5,50,-8,47,-10,50,-5,50,-2,51,1,49,-1,50,0,49,2,50,2,49,-11,53,-8,41,-10,54,-14,53,-1,55,-12,53,2,52,4,53,-9,56,-7,57,-16,49,-5,56,-15,54,4,57
-8,66,-4,69,5,70,10,72,14,70,16,69,19,69,18,68,17,68,17,69,11,70,10,70,8,70,5,71,2,70,-1,70,-5,69,-6,73,-9,70,-12,72,-13,68,12,69,-21,60,-23,63,-12,65,-8,66,-6,69,-10,70,3,67,7,65,8,65,11,66,9,65,-14,71,-18,71,15,69,-13,73,6,71,-7,73,-5,76,-9,74,-15,74,-18,74,-21,72,-23,72,-1,76,2,76,-15,72,9,77,12,76,14,75,19,70,-4,-34,-10,67,-4,72,-7,72,2,68,11,71,16,72,19,70,12,69,2,70,0,70,-5,70,-6,71,-8,71,-10,70,-14,68,-18,71,-23,62,-19,66,-14,66,-9,67,-7,69,-2,70,3,69,7,71,-5,60,-4,75,-10,75,0,74,-19,76,7,72,10,71,-7,78,-3,79,-9,71,-2,77,-18,75,10,77
