3,-13,3,-13,4,-13,4,-12,4,-13,3,-13,4,-13,-3,-14,-3,-14,-3,-14,-4,-14,-4,-14,-4,-13,-4,-14,-3,-13,-3,-14,-2,-13,-3,-14,-2,-14,-3,-14,-2,-13,-2,-14,-2,-14,0,-14,-1,-13,-1,-14,0,-9,2,-8,1,-11,4,-36,4,-16,5,-15,4,-14,4,-13,4,-14,4,-14,5,-13,5,-13,5,-13,6,-13,7,-12,8,-12,9,-12,8,-12,9,-12,8,-12,10,-12,-3,-14,-3,-14,-4,-14,-4,-14,-5,-14,-5,-13,-5,-14,-5,-13,-5,-14,-4,-12,-5,-12,-5,-1,-10,-10
0,0,0,0,0,0,0,0,0,0,0,0,0,0,0,0,0,0,0,0,0,0,0,0,0,0,0,0,0,0,0,0,0,0,0,0,0,0,0,0,0,0,0,0,0,0,0,0,0,0,0,0,0,0,0,0,0,0,0,0,0,0,0,0,0,0,0,0,0,0,0,0,0,0,0,0,0,0,0,0,0,0,0,0,0,0,0,0,0,0,0,0,0,0,0,0,0,0,0,0,0,0,0,0,0,0,0,0,0,0,0,0,0,0,0,0,0,0,0,0
-7,3,-8,3,-8,3,-7,3,-7,2,-8,2,-8,3,7,3,8,3,8,3,8,3,7,3,7,3,7,3,7,3,7,3,7,2,7,2,7,2,7,2,7,3,7,2,8,2,8,1,7,3,7,3,-10,-27,-9,-26,-3,12,-4,-56,-7,2,-6,2,7,0,-7,2,-8,2,-7,1,-7,3,-8,3,-7,3,-8,3,-7,3,-7,3,-7,2,-8,3,-7,2,-7,2,-7,2,9,4,8,4,8,4,8,3,8,2,8,3,8,1,7,2,7,1,7,2,7,2,2,-16,-8,-11
-13,13,-13,13,-13,14,-13,14,-13,12,-14,12,-14,13,12,15,12,16,12,15,12,15,11,15,12,15,12,14,12,14,12,14,13,14,12,14,11,14,11,14,12,14,11,14,11,14,12,13,11,15,10,14,-12,-26,-9,-11,-3,-3,-1,-1,-12,12,-12,12,12,10,-13,12,-13,13,-12,12,-12,13,-13,14,-12,14,-13,15,-12,16,-13,16,-12,16,-13,16,-12,16,-13,16,-12,16,13,17,12,17,11,16,12,16,11,14,11,15,11,13,10,13,10,12,10,13,10,13,-1,-16,-2,-3
-9,23,-9,22,-9,23,-10,23,-10,21,-11,22,-11,23,4,23,5,25,4,23,6,24,5,24,5,23,6,23,6,22,7,23,7,23,6,21,6,23,5,22,6,23,5,22,5,22,7,22,6,22,3,21,-11,-8,-11,-7,-1,-12,-8,-35,-11,24,-10,23,14,19,-11,23,-12,24,-12,23,-11,24,-11,26,-10,26,-10,26,-9,27,-8,27,-7,26,-8,26,-7,25,-7,26,-6,26,10,26,9,25,7,25,6,24,4,23,5,22,4,19,5,18,3,17,4,14,4,20,-7,-12,-6,-11
6,2,7,1,6,2,7,3,7,2,6,2,7,3,-6,5,-6,5,-6,5,-5,4,-6,4,-6,4,-5,5,-5,6,-5,5,-5,5,-5,4,-6,5,-6,5,-6,5,-6,4,-6,4,-6,4,-7,4,-8,4,-11,-28,-11,-26,-11,-26,0,0,-6,6,-7,4,-8,2,8,0,7,0,7,-1,7,0,7,0,7,0,6,0,5,1,5,2,4,2,4,2,4,2,3,2,4,2,-7,4,-7,3,-7,3,-7,4,-7,2,-6,4,-5,3,-4,3,-6,3,-4,4,-5,4,-6,-15,-3,-14
7,12,7,11,6,12,7,14,8,13,6,13,7,13,-8,18,-7,19,-7,18,-6,18,-6,17,-6,18,-6,19,-5,19,-5,19,-5,18,-5,16,-6,18,-7,18,-7,18,-8,18,-8,18,-7,19,-8,17,-8,17,-12,-13,-13,-15,-12,-14,4,-36,1,23,-11,13,-13,13,12,10,10,9,10,9,10,9,9,10,9,10,7,9,5,10,3,11,2,10,0,11,1,11,1,12,0,11,-11,16,-11,15,-10,16,-9,16,-9,14,-8,17,-7,15,-6,16,-6,15,-5,16,-6,17,-9,-13,-6,-15
6,22,6,21,6,21,6,22,5,21,5,22,5,22,-7,27,-6,29,-6,28,-5,26,-6,27,-4,25,-5,29,-3,26,-4,28,-3,27,-1,23,-4,26,-5,25,-6,26,-6,26,-6,26,-5,26,-6,24,-7,24,-11,-7,-11,-7,-11,-8,9,-36,-10,24,-9,23,-12,23,14,18,13,18,13,18,12,18,11,19,11,19,9,19,7,20,5,20,5,20,3,21,4,21,3,22,2,21,-13,24,-12,24,-12,25,-11,26,-11,24,-10,26,-9,26,-8,26,-8,25,-6,27,-6,26,-9,-9,-7,-12
-4,25,-4,24,-5,25,-5,26,-6,25,-7,24,-6,24,4,28,5,27,5,27,5,27,5,27,5,27,5,27,6,27,6,26,6,26,6,25,5,26,5,26,5,26,5,24,4,24,5,24,4,25,3,23,-1,-8,-5,-7,-6,-8,-1,-35,-4,24,-2,24,-1,24,-3,23,-4,23,-4,23,-4,23,-3,24,-3,25,-4,26,-4,26,-3,27,-4,26,-5,27,-5,27,-7,26,-6,25,4,27,4,28,4,28,4,27,4,26,5,26,5,25,6,25,5,25,6,26,5,25,-3,-29,-1,-32
-6,41,-7,40,-7,41,-8,42,-9,40,-10,39,-10,40,1,46,3,46,3,45,5,45,6,45,7,45,8,47,9,45,9,44,10,44,9,43,8,43,6,43,5,42,4,40,2,41,3,39,0,42,1,41,-2,8,-2,8,-4,6,2,-17,0,42,1,41,0,40,0,40,0,40,1,39,2,41,0,41,-1,44,-2,44,-3,44,-5,44,-6,44,-9,45,-9,44,-10,43,-10,43,-1,44,0,44,1,42,2,43,3,44,4,45,6,44,7,45,8,43,9,43,8,42,-3,-15,-2,-15
-6,57,-7,56,-8,56,-9,56,-10,54,-11,53,-12,53,1,61,3,62,3,62,5,63,6,63,8,63,10,63,12,63,13,62,14,62,15,60,14,59,13,57,12,56,10,54,7,54,6,54,1,58,-4,53,-8,19,-9,17,-10,18,0,1,0,61,4,61,6,59,6,61,5,61,5,60,4,60,2,60,1,61,-2,61,-5,60,-5,60,-6,60,-9,60,-10,59,-12,59,-13,58,-3,57,0,58,1,57,2,57,3,60,5,62,6,61,8,62,8,61,11,60,14,57,1,0,-1,0
3,25,3,24,3,25,3,26,3,25,2,24,2,25,-4,28,-3,28,-3,28,-3,27,-3,27,-3,28,-3,28,-3,28,-3,27,-3,27,-2,26,-3,27,-3,27,-2,27,-2,25,-3,25,-2,25,-3,26,-3,23,-6,-8,-4,-7,-4,-9,4,-36,2,23,3,22,1,24,3,23,2,23,3,23,3,23,3,23,3,24,3,25,3,25,3,26,3,25,2,26,3,26,1,26,2,25,-3,27,-3,27,-3,28,-3,27,-4,26,-4,26,-4,25,-3,26,-3,26,-2,27,-3,26,-9,-28,-5,-31
5,41,5,41,5,42,5,43,5,42,3,41,4,42,-10,45,-9,45,-10,44,-9,44,-9,43,-8,43,-8,43,-7,42,-7,41,-7,43,-7,42,-6,43,-6,43,-4,43,-4,43,-3,44,-1,43,0,42,0,41,-2,11,-1,11,-3,11,2,-17,-2,41,-1,40,-3,38,-1,38,-1,38,0,38,1,40,3,40,6,42,6,42,8,42,9,43,9,43,7,44,7,44,6,44,6,44,-6,46,-7,45,-9,44,-9,43,-11,42,-10,43,-9,42,-8,42,-8,41,-7,40,-7,41,-10,-12,-7,-13
0,54,2,56,4,58,6,59,7,59,7,58,6,60,-3,61,-4,63,-6,62,-10,62,-13,59,-14,56,-13,55,-13,55,-11,54,-10,57,-8,57,-7,58,-6,57,-4,59,-3,60,-1,61,0,61,1,58,4,59,2,29,4,29,3,28,-1,-1,-5,56,-5,54,-8,52,-8,50,-10,50,-10,48,-10,48,-9,47,-6,46,-5,47,-2,56,1,58,6,60,7,62,10,63,12,63,13,63,4,61,2,58,-1,57,-2,57,-5,59,-7,61,-11,58,-12,57,-15,53,-13,51,-8,55,-8,7,-6,3
