-3,-13,-3,-13,-2,-13,3,-13,3,-13,4,-12,-2,-14,3,-12
0,0,0,0,0,0,0,0,0,0,0,0,0,0,0,0
5,3,5,4,6,3,-6,4,-6,4,-6,5,5,4,-5,5
7,14,7,15,8,13,-10,15,-11,14,-10,15,7,14,-6,16
4,22,4,22,7,23,-11,23,-12,23,-11,24,6,23,-1,24
-3,4,-5,5,-4,4,4,3,5,2,5,3,-5,4,3,3
-7,14,-8,15,-10,13,7,13,8,12,9,12,-8,13,2,12
-9,24,-13,23,-17,18,12,22,13,20,14,19,-14,16,2,22
0,23,0,23,1,24,-3,24,-2,24,-2,25,1,24,-4,25
-4,38,-4,39,-5,37,0,40,1,39,2,41,-4,38,-5,40
6,53,2,54,-12,51,-4,56,1,56,5,58,-11,50,-6,55
-4,23,-5,23,-3,24,1,24,1,24,1,25,-3,23,2,25
-7,39,-6,39,-1,40,0,40,-3,39,-3,40,0,40,6,40
-5,57,-4,57,3,58,-5,55,-7,54,-8,54,9,56,1,54
