-3,-16,-3,-17,-3,-16,-2,-16,-3,-16,-2,-16,-3,-16,-3,-17,-3,-16,-3,-16,-2,-16,-3,-16,-4,-16,-4,-17,-4,-16,-4,-16,-5,-15,-4,-16,-4,-16,-4,-16,-3,-16,-4,-16,-5,-15,-4,-16,-3,-16,-4,-16,-4,-16,1,-16,0,-17,1,-17,2,-16,1,-17,1,-18,2,-17,3,-16,3,-16,4,-16,4,-17,4,-17,5,-17,5,-17,-2,-17,-2,-17,-3,-16,-3,-17,-3,-16,-3,-17,-4,-16,-3,-16,-4,-17,-4,-16,-4,-16,-5,-16,-5,-16,-5,-16,-5,-16,-4,-16,-4,-16,-5,-16,-4,-16,-4,-17,-5,-16,-4,-16,1,-16,2,-16,2,-16,1,-16,1,-17,2,-17,2,-16,3,-17,3,-17,2,-17,3,-16,2,-17,3,-17,3,-16,2,-16,3,-17,3,-16,3,-16,2,-17,3,-16,3,-16,4,-16,4,-16,5,-17,5,-16,5,-16,6,-16,4,-16,5,-16,6,-16,6,-15
0,0,0,0,0,0,0,0,0,0,0,0,0,0,0,0,0,0,0,0,0,0,0,0,0,0,0,0,0,0,0,0,0,0,0,0,0,0,0,0,0,0,0,0,0,0,0,0,0,0,0,0,0,0,0,0,0,0,0,0,0,0,0,0,0,0,0,0,0,0,0,0,0,0,0,0,0,0,0,0,0,0,0,0,0,0,0,0,0,0,0,0,0,0,0,0,0,0,0,0,0,0,0,0,0,0,0,0,0,0,0,0,0,0,0,0,0,0,0,0,0,0,0,0,0,0,0,0,0,0,0,0,0,0,0,0,0,0,0,0,0,0,0,0,0,0,0,0,0,0,0,0,0,0,0,0,0,0,0,0,0,0,0,0,0,0,0,0,0,0,0,0,0,0,0,0,0,0,0,0,0,0,0,0,0,0,0,0
-2,5,-3,5,-4,5,-3,5,-3,5,-3,5,-3,4,-4,4,-4,4,-3,4,-2,5,-3,4,-3,5,-3,5,0,5,-1,5,2,6,2,5,4,5,5,5,1,6,-1,6,3,6,-1,5,-2,6,-2,6,-2,5,-5,9,-5,9,-5,9,6,5,-5,9,-6,8,-3,5,-5,6,-4,6,-5,6,-4,6,-4,6,-5,5,-5,6,-3,5,-3,5,-4,5,-4,5,-4,5,-3,5,-4,5,-2,5,-3,4,-1,6,1,5,-2,5,2,5,3,5,5,4,4,5,4,6,2,6,5,5,0,6,4,5,1,6,6,7,6,7,-4,8,-5,9,-4,7,-4,8,-6,8,-3,7,-4,7,-5,8,-4,8,-5,8,-4,7,-4,7,-5,6,-3,5,-4,7,-4,6,1,7,-5,7,-5,6,-4,5,-4,6,-5,6,-7,6,-7,6,-7,5,-4,7,2,8,1,8,3,9
-4,20,-5,20,-5,20,-5,21,-5,20,-5,20,-5,20,-5,18,-5,16,-4,19,-3,19,-6,20,-7,21,-6,20,-4,21,-5,19,-3,22,-2,21,1,22,2,22,-1,22,-1,22,1,22,-4,21,-6,21,-6,21,-5,21,-4,26,-4,24,10,20,10,20,-2,25,-4,24,-3,22,-4,24,-3,26,-2,25,1,26,-3,24,-5,23,-5,22,-4,21,-4,20,-6,21,-6,20,-6,21,-5,20,-5,17,-3,20,-5,19,-4,22,-3,21,-6,21,-3,21,0,22,0,20,-2,22,-1,23,-2,23,2,23,-2,23,1,24,0,23,7,23,9,23,-4,25,-5,26,-3,25,-1,25,-3,27,-2,26,0,27,-2,30,-3,27,-5,26,-4,25,-6,25,-6,23,-5,22,-6,22,-7,23,-5,22,-8,24,-8,22,-6,24,-5,24,-5,25,-4,24,-4,24,-6,24,-2,26,2,27,2,28,3,29
-8,34,-8,34,-7,33,-8,36,-9,34,-9,36,-8,35,-9,29,-12,23,-6,33,-4,31,-10,36,-12,36,-11,35,-10,35,-10,33,-11,32,-10,32,-7,32,-5,33,-6,34,-4,36,-2,35,-7,35,-8,37,-9,36,-8,36,1,39,11,32,13,32,13,32,9,31,7,32,-2,40,2,39,6,40,7,40,10,41,2,41,0,38,-1,34,-7,37,-6,36,-9,38,-8,34,-10,36,-9,35,-11,25,-5,35,-6,32,-10,38,-8,35,-11,36,-9,34,-7,35,-11,33,-10,34,-8,34,-8,35,-4,35,-6,36,-3,38,-4,37,9,35,7,37,1,39,12,36,4,39,6,39,8,39,9,38,7,39,8,44,4,42,1,43,-1,42,-3,42,-5,37,1,34,1,34,-4,37,-3,37,-7,41,-5,38,-4,41,-4,43,-2,43,-1,42,1,42,1,39,7,42,9,43,12,40,13,39
5,5,5,7,5,7,6,7,6,7,6,7,6,7,6,6,5,7,4,4,5,4,4,5,4,6,3,5,2,6,3,6,0,7,0,6,0,7,-1,7,3,6,4,6,0,7,3,6,5,5,5,5,5,5,5,5,4,5,5,5,5,5,4,4,4,4,2,4,3,5,2,5,2,5,2,4,3,4,2,4,3,4,5,5,4,5,5,7,5,7,4,6,5,7,5,6,5,5,4,5,4,6,2,5,3,5,2,6,2,7,1,6,1,7,-1,7,0,7,0,7,2,6,0,7,2,7,-6,8,-5,7,2,5,4,6,3,5,3,5,3,5,2,5,2,5,2,5,2,6,2,5,2,5,3,6,2,5,1,4,2,5,1,4,-4,5,3,6,2,5,2,5,2,5,3,5,3,6,2,6,3,5,1,6,-7,5,-6,6,-7,6
1,23,3,24,4,24,5,24,5,24,7,25,7,25,9,22,9,25,4,21,3,21,1,22,-1,23,-2,23,-3,24,-2,22,-5,25,-4,24,-3,25,-4,25,-2,25,0,23,0,23,2,23,4,23,4,23,4,23,9,19,9,18,10,18,9,18,8,17,7,18,-3,21,5,21,4,22,5,22,6,20,4,21,4,20,8,18,2,22,2,22,4,24,5,23,4,24,7,24,7,24,4,22,1,22,0,23,-2,23,-2,23,-2,24,-2,24,-3,24,-4,25,-4,25,-4,25,-3,26,-2,25,-2,25,1,25,-8,24,9,19,9,21,9,21,8,21,4,21,5,21,3,21,4,21,5,22,6,22,6,22,4,21,7,21,7,19,5,19,6,19,5,19,-7,21,5,21,5,19,4,21,3,22,5,22,5,22,5,22,6,22,4,23,-6,23,-6,23,-7,23
-8,39,-6,38,-4,36,2,37,-1,36,6,40,6,40,6,38,7,40,4,35,-1,34,-7,37,-11,39,-8,40,-9,38,-10,35,-15,35,-16,34,-14,34,-13,36,-10,36,-8,37,-7,36,-4,37,-3,37,-2,37,1,37,11,32,12,31,13,31,13,31,11,30,10,30,2,32,6,35,7,37,8,37,5,37,6,37,5,35,12,32,-6,39,-1,37,-2,39,1,37,3,40,6,40,7,40,-3,36,-2,35,-9,37,-11,36,-10,38,-11,35,-13,37,-14,34,-15,36,-15,37,-14,37,-12,38,-10,39,-8,40,-7,39,8,33,-2,38,12,34,12,34,12,34,7,35,7,35,7,35,7,35,5,39,7,39,6,37,5,36,10,33,10,33,8,31,8,33,8,31,0,30,7,33,7,32,7,36,2,39,5,38,6,37,6,38,7,37,4,38,-1,38,1,37,2,35
3,35,-3,36,-6,37,-3,36,-4,36,-1,37,-4,36,-1,35,-8,34,-2,36,-3,36,-3,36,-2,37,-6,38,-7,39,-5,36,0,36,1,35,3,36,4,36,-2,37,-1,37,-1,37,0,37,4,37,4,38,3,38,1,37,1,37,3,39,2,37,1,37,-2,37,0,38,0,40,0,42,1,42,0,38,0,38,-1,37,2,37,-1,38,-6,35,-5,36,-2,37,0,40,1,38,-6,35,-3,37,-5,36,-4,39,-3,36,-6,37,0,37,1,37,2,37,4,37,4,37,2,38,0,37,-1,38,-1,38,-1,39,2,39,1,39,-1,40,1,41,-1,39,0,38,0,40,2,39,1,38,-1,39,0,39,-2,40,0,39,0,41,1,37,-1,37,-3,39,-3,39,-6,39,-4,40,-1,39,-2,40,0,42,2,41,0,40,-2,40,-1,42,-3,41,-1,41,0,42,0,41
5,53,-1,53,-9,52,-7,54,-7,52,-1,54,1,54,2,51,-12,53,-2,52,-1,52,-3,52,-2,52,-10,51,-10,52,6,53,5,53,7,52,8,53,5,52,-6,52,-3,52,-2,53,2,55,5,53,6,54,8,53,5,55,7,55,9,55,10,53,10,52,8,53,3,54,2,55,-2,58,-3,58,7,53,5,56,5,56,7,54,-4,54,-6,54,-5,55,-1,54,1,55,3,55,-13,55,-1,53,-2,53,-2,53,-6,52,-9,51,5,55,7,55,8,54,8,54,8,55,7,55,-7,51,-6,52,-3,53,-3,55,4,57,4,55,1,56,-2,59,-3,58,11,51,10,54,10,53,8,55,6,57,4,58,2,57,4,56,5,58,7,55,7,54,7,54,6,56,5,55,6,55,7,55,6,55,5,56,4,57,3,56,0,57,-1,58,-5,59,3,57,4,56,5,56
17,71,15,66,-10,69,-6,69,-3,69,1,71,3,70,6,69,-17,72,14,62,12,63,6,63,1,70,-4,68,-9,68,12,70,13,70,16,69,20,68,20,67,-7,69,-3,68,-2,69,1,71,7,71,9,71,11,69,5,73,-1,72,-1,73,4,73,9,75,13,73,4,74,-3,73,-5,75,-8,74,6,71,-1,72,-5,72,-2,73,14,67,-7,72,-6,74,2,70,3,72,6,72,9,73,13,64,8,64,5,67,-1,68,-5,69,10,73,13,73,16,71,19,70,21,70,21,71,-9,69,-6,69,-3,70,0,71,6,77,2,74,-2,75,-5,75,-8,74,12,71,16,71,14,71,11,72,8,73,5,74,2,74,-2,73,-5,75,0,75,6,76,11,77,15,75,14,74,12,74,11,75,8,74,6,75,3,75,0,76,-3,75,-5,75,-5,72,0,74,7,73,11,73
-1,35,-3,37,-1,37,0,37,0,37,-3,36,-6,36,-6,35,-1,35,0,36,-3,36,0,37,0,38,-2,38,-1,40,-1,36,-4,37,-5,35,-2,37,-3,37,1,38,0,37,-1,38,0,37,1,37,-1,38,-3,38,1,37,-2,37,-1,38,-3,36,-4,37,-7,36,0,37,-2,39,-2,40,0,40,-3,37,-3,37,-3,37,-5,36,0,39,-4,35,-3,37,-4,37,-7,39,-6,37,-3,36,-2,37,-4,36,-1,40,0,37,-2,37,-6,37,-4,37,-5,37,-2,38,-3,38,-2,38,0,38,0,39,-1,39,1,40,0,39,1,38,-3,39,-1,41,1,39,-3,37,-3,39,0,38,1,37,-1,38,1,39,0,39,-1,38,-1,41,-5,37,-6,37,-9,38,-8,38,-14,38,-4,39,-3,39,-3,39,-3,41,1,40,2,39,-3,39,-1,41,-5,40,-8,40,-8,41,-8,39
-12,51,-11,51,-6,53,-5,55,-8,53,-11,53,-11,53,-12,51,4,52,-6,53,-4,53,-5,52,-1,55,0,55,3,56,-11,53,-10,52,-11,52,-9,50,-9,50,3,55,-2,54,-2,56,-6,53,-7,53,-8,53,-8,54,3,55,-1,54,-2,55,-2,52,-5,50,-8,51,-1,53,-1,54,-4,56,-5,56,-6,53,-4,56,-5,54,-7,53,-8,53,-5,56,-8,55,-11,54,-12,54,-12,55,-12,54,-4,53,-5,53,-1,55,1,55,2,55,-9,52,-9,53,-8,51,-9,53,-9,49,-8,50,6,55,-1,55,-3,55,-3,57,1,55,5,53,-1,54,-1,57,10,53,-5,54,-9,56,8,52,6,53,1,56,1,56,0,56,-3,55,-3,58,-7,54,-7,52,-10,54,-11,53,-13,54,4,55,3,55,5,55,-8,56,-4,55,-3,56,-3,54,-3,56,-7,57,-7,57,-10,56,-11,56
-18,68,-13,68,12,66,11,67,5,66,0,70,-5,72,-11,72,9,69,-8,72,-3,72,-1,71,2,72,5,72,8,71,-15,66,-18,65,-18,65,-14,67,-10,69,20,67,16,65,12,66,10,68,4,70,0,72,-6,73,-12,68,-7,70,-4,73,-5,71,-9,70,-12,70,-15,63,-10,66,-7,72,-1,71,-10,72,-11,71,-8,71,-9,72,-10,70,11,68,7,69,0,69,-4,74,-8,74,-13,75,-3,74,-2,73,3,73,5,73,7,73,-11,68,-15,67,-17,66,-16,67,-14,68,-12,69,22,69,19,68,15,66,13,68,-13,66,-9,66,-5,69,-1,71,5,72,-11,72,-14,73,12,70,9,69,5,71,-16,67,-15,69,-10,70,-6,74,-10,72,-13,69,-16,71,-18,69,-22,71,11,73,9,73,-23,68,-23,67,-18,63,-17,66,-15,67,-10,69,-10,72,-11,74,-16,73,-18,74
