-4,-12,-3,-12,-3,-14,-2,-13,-3,-14,-3,-13,-3,-12,-3,-12,-2,-13,-4,-11,-4,-13,-5,-12,-4,-13,-2,-12,-4,-12,-4,-13,-4,-13,1,-13,0,-13,1,-14,2,-13,1,-14,1,-13,1,-13,1,-13,2,-13,1,-13,3,-13,3,-13,2,-13,2,-13,1,-14,2,-12,-3,-13,-2,-13,-2,-13,-2,-13,-1,-13,-2,-13,-2,-13,-2,-13,-2,-13,0,-13,-1,-13,0,-13,-1,-13,-1,-12,-2,-13,-1,-13,-2,-13,-1,-14,-1,-14,-1,-13,-1,-13,-1,-13,0,-13,-1,-13,-1,-13,2,-12,2,-14,2,-13,1,-14,2,-13,3,-13,3,-14,3,-13,2,-13,2,-13,1,-14,2,-13,2,-14,4,-11,3,-12,3,-13,3,-12
0,0,0,0,0,0,0,0,0,0,0,0,0,0,0,0,0,0,0,0,0,0,0,0,0,0,0,0,0,0,0,0,0,0,0,0,0,0,0,0,0,0,0,0,0,0,0,0,0,0,0,0,0,0,0,0,0,0,0,0,0,0,0,0,0,0,0,0,0,0,0,0,0,0,0,0,0,0,0,0,0,0,0,0,0,0,0,0,0,0,0,0,0,0,0,0,0,0,0,0,0,0,0,0,0,0,0,0,0,0,0,0,0,0,0,0,0,0,0,0,0,0,0,0,0,0,0,0,0,0,0,0,0,0,0,0,0,0,0,0,0,0,0,0,0,0,0,0,0,0
2,2,-2,2,4,2,5,2,4,2,-2,3,4,3,-3,3,-2,2,1,2,0,3,3,3,4,2,-1,3,3,3,0,3,5,3,1,2,2,4,1,4,-2,3,-2,3,-1,3,1,2,1,4,0,3,0,5,-2,3,-5,2,2,5,3,5,-4,2,-4,3,-2,3,5,2,5,3,5,2,5,2,5,2,5,2,-2,2,1,2,-1,2,-1,3,-2,3,-2,3,0,3,0,3,-2,3,1,3,-1,2,-2,3,-3,3,4,3,-3,3,2,4,-2,3,-3,2,0,3,2,4,0,4,-2,3,-3,3,-3,2,-3,2,-3,2,1,5,3,4,2,4,-1,3,0,3,1,4,3,5,0,2,4,5
-3,12,-5,13,4,14,6,15,6,15,-4,13,6,15,-3,14,-3,12,0,12,-3,13,1,14,1,12,-1,13,4,15,5,15,6,15,2,12,1,13,-4,15,-5,14,-5,13,-6,14,-4,7,2,13,-1,14,-5,17,-3,15,-7,13,-3,15,-2,14,-9,12,-8,13,-3,14,4,13,5,16,6,15,6,15,5,14,5,15,-3,13,-2,12,-4,13,-4,14,-3,13,-4,15,-1,13,0,15,-3,13,2,16,-4,13,-3,14,-3,14,4,15,-5,13,2,15,-2,13,-5,11,2,13,1,13,-2,15,-4,14,-2,15,-4,14,-4,13,-5,14,-2,12,2,13,3,13,-1,13,-2,13,-2,15,-1,15,-4,13,-1,14
-6,23,-9,24,5,27,9,27,9,25,-5,22,11,25,-2,23,1,20,-1,22,-6,23,-3,22,-3,20,-5,22,6,26,8,26,10,25,2,22,-1,23,-7,24,-9,23,-10,21,-10,22,-1,-4,5,23,0,24,-6,27,-4,26,-9,24,-11,23,-11,21,-14,21,-13,21,-8,23,3,23,5,28,7,28,9,26,9,25,9,25,-3,22,-5,21,-7,24,-7,25,-7,23,-8,25,-1,23,1,25,-4,22,3,28,-5,22,-4,25,7,26,7,26,-5,23,6,25,4,27,-8,19,4,22,3,21,-2,28,-5,25,-3,26,-6,25,-7,23,-7,24,-4,3,3,22,4,21,-4,24,-3,23,-4,26,-4,25,-9,22,-2,24
-1,2,1,2,-2,3,-1,3,-3,3,4,3,-4,4,4,3,4,2,-1,3,0,3,-2,3,-1,2,0,2,-2,4,2,3,-2,4,0,3,-2,3,-1,3,1,4,1,3,2,3,-2,2,-3,4,-1,3,0,4,1,3,4,3,-1,4,-2,3,2,3,3,4,2,3,-3,3,-3,3,-3,3,-4,5,-4,2,-3,3,1,2,0,2,2,3,2,4,3,3,0,4,0,3,0,3,4,3,0,3,1,2,4,3,3,3,-1,3,3,3,-1,4,3,3,3,1,0,3,-3,3,0,4,1,3,2,3,3,3,3,3,3,3,0,2,-2,3,-3,3,1,3,-2,2,-2,3,-5,2,0,2,-4,2
-5,13,0,14,-5,15,-3,14,-3,14,7,15,-8,18,6,15,4,13,-2,12,0,15,-3,14,-1,14,-1,13,-4,16,4,15,-3,16,-4,10,-6,13,-5,14,-1,15,-3,14,-4,14,-5,10,-5,14,-5,15,-1,14,-3,15,1,14,-7,14,-7,14,4,13,5,14,0,15,-5,14,-6,14,-3,14,-6,16,-4,14,-5,13,-1,13,-3,13,-1,14,-2,15,0,15,-3,16,-4,13,-3,14,3,14,5,17,1,15,5,16,4,15,-5,14,3,15,-4,14,7,5,1,12,-3,14,-4,12,-3,14,-1,13,-1,15,3,14,0,13,1,14,-6,5,-4,13,-5,13,-3,13,-5,11,-5,14,-7,13,-3,13,-5,12
-7,23,-1,0,-4,25,-4,24,-1,23,10,24,-3,25,10,23,9,21,-1,1,-6,24,-7,24,-7,22,-5,23,-1,25,7,25,0,25,-4,22,-7,24,-8,24,-8,23,-9,21,-8,22,-4,21,-5,24,-6,26,5,19,-5,25,0,25,-11,24,-12,22,3,24,3,25,-6,24,-3,23,-4,25,-2,25,-4,25,0,23,-4,22,-2,22,-6,21,-4,24,-8,25,-8,24,-9,27,-3,21,0,26,2,23,3,28,2,25,6,28,6,26,-3,24,5,25,0,23,-1,2,1,22,2,21,-4,21,-3,4,-5,23,-4,25,1,24,-2,24,-2,24,-3,2,-3,22,-1,20,-4,21,-5,20,-7,25,-10,24,-10,22,-10,22
1,26,-3,25,2,26,2,26,3,26,1,26,1,25,-2,24,-2,23,3,23,-2,25,2,24,1,24,-1,26,3,27,2,26,3,26,-3,24,-2,24,-2,24,-4,24,-3,23,-1,23,0,24,-2,25,-1,25,-3,24,-3,23,-4,23,0,26,0,25,-2,24,-2,25,-3,24,2,24,3,24,3,25,3,26,0,25,0,23,-3,25,2,25,-1,26,-2,25,-2,24,-4,25,-1,24,0,25,1,25,2,25,2,26,-4,25,-2,26,0,26,-2,26,-1,24,-2,24,0,23,-3,25,-2,23,-2,24,-3,24,-2,25,-3,24,-2,24,-3,23,-2,23,-1,24,-3,23,-4,23,-3,22,-3,24,-2,24,-3,21,-1,24
4,42,5,41,5,41,7,42,7,41,8,41,6,40,6,41,3,40,2,41,-8,40,7,42,-7,39,-7,42,4,43,6,42,7,42,-2,41,5,39,6,39,-8,42,-9,40,6,39,6,40,6,40,6,41,6,40,6,40,-6,41,5,40,5,40,5,40,-8,42,-9,40,3,40,4,41,6,41,7,41,5,40,4,41,-9,40,4,43,-8,42,-9,41,-8,41,-10,42,0,43,2,43,5,43,5,42,6,42,-9,42,5,41,4,42,1,43,-1,43,-3,42,0,41,5,41,4,40,6,40,5,40,-8,42,-9,41,-7,40,-5,41,4,40,6,40,5,38,-3,40,5,39,5,40,4,40,-8,39,-8,41
7,58,9,57,8,58,11,58,12,56,15,56,16,56,17,55,17,52,5,57,-11,57,12,58,-14,55,-13,58,7,60,10,59,13,58,-5,60,4,57,8,57,-13,59,-15,57,9,57,0,58,6,58,10,59,12,56,2,57,-9,58,10,57,12,56,12,55,-17,56,-11,57,6,58,8,59,10,58,15,56,15,55,16,54,-6,57,8,59,-13,57,-15,57,-14,57,-11,58,2,59,4,60,8,60,10,59,12,58,-15,58,15,56,16,56,15,54,14,53,11,53,3,59,11,58,-2,57,3,58,7,58,-14,58,-15,57,-19,54,-20,54,-2,58,4,57,7,57,-6,59,2,57,7,59,9,57,-15,56,-18,55
-3,26,0,24,-1,25,-1,25,-1,26,0,26,-3,25,-2,25,-2,23,0,22,2,25,-1,24,2,24,2,26,-1,27,-2,25,-1,26,-2,24,-5,24,-4,24,-2,24,-2,23,-1,23,-5,24,-6,25,-5,25,-4,24,-3,23,1,23,-3,25,-2,24,0,24,2,25,3,24,0,24,-3,25,-2,25,-2,26,-4,25,-4,23,1,25,-2,25,1,26,1,25,3,24,0,25,-2,24,-2,24,1,25,-2,25,-3,26,1,26,-3,26,-3,26,-3,26,-3,24,-2,24,1,23,-6,24,-5,22,-3,23,-2,24,0,25,1,24,1,24,1,23,-6,23,-5,23,-7,22,-1,23,-5,22,-5,24,-3,23,-2,21,-2,23
-10,41,-9,40,-7,41,-7,42,-8,41,-8,42,-9,42,-8,42,-7,40,-8,40,6,41,-8,41,7,40,7,41,-7,42,-7,41,-6,42,4,41,-5,40,-7,41,6,40,6,39,-6,40,-5,41,-7,42,-7,42,-9,40,-4,41,5,38,-8,42,-8,42,-9,39,5,41,5,41,-6,40,-7,41,-7,41,-8,42,-8,41,-8,41,2,42,-9,41,6,42,6,41,6,40,2,42,-7,41,-9,42,-8,42,-8,42,-9,43,6,41,-9,42,-9,42,-9,43,-7,42,-5,41,-10,39,-11,40,-4,40,-6,42,5,39,5,40,6,40,6,39,5,40,-6,41,-7,40,-9,40,5,40,-6,40,-7,42,-9,41,5,38,5,39
-9,58,-13,56,-9,57,-12,57,-15,56,-15,56,-14,58,-12,58,-10,57,-2,56,10,59,-14,57,14,57,16,56,-6,59,-10,58,-12,58,0,58,-9,59,-11,59,12,56,13,54,-19,55,-8,58,-10,59,-12,59,-14,56,-7,59,7,57,-12,58,-14,58,-16,55,10,58,17,54,-4,57,-10,59,-13,57,-15,57,-13,58,-11,58,5,59,-10,58,10,58,12,58,14,56,15,55,-3,58,-7,59,-11,60,-14,58,-16,57,14,56,-14,59,-11,59,-10,60,-7,60,-5,60,-5,56,-19,56,-7,58,-10,59,6,57,10,57,13,57,9,57,7,58,-9,58,-11,58,-13,57,-2,57,-9,58,-11,59,-13,58,11,55,10,57
