6,-15,5,-15,6,-15,7,-15,7,-14,-5,-15,-6,-14,-6,-15,-3,-15,-4,-15,-5,-15,-5,-15,-5,-15,-5,-15,-6,-14,-6,-15,-6,-15,-5,-14,-6,-15,-7,-15,-6,-15,3,-14,4,-14,3,-15,4,-16,4,-15,5,-15,6,-15,5,-15,5,-15,4,-15,5,-15,6,-15,6,-16,4,-15,5,-16,6,-15,7,-15,5,-15,6,-15,5,-16,6,-15,5,-16,7,-14,6,-14,7,-15
0,0,0,0,0,0,0,0,0,0,0,0,0,0,0,0,0,0,0,0,0,0,0,0,0,0,0,0,0,0,0,0,0,0,0,0,0,0,0,0,0,0,0,0,0,0,0,0,0,0,0,0,0,0,0,0,0,0,0,0,0,0,0,0,0,0,0,0,0,0,0,0,0,0,0,0,0,0,0,0,0,0,0,0,0,0,0,0,0,0,0,0
2,7,5,10,4,8,3,7,4,8,8,3,6,3,8,2,1,3,2,4,6,1,7,1,7,1,8,4,7,2,5,3,6,4,8,4,7,3,7,2,7,3,7,9,5,8,4,7,5,7,6,7,7,7,6,8,5,8,4,6,5,7,6,8,5,7,5,7,5,8,5,7,5,6,4,6,5,6,5,6,4,7,6,8,5,7,5,7,4,5,3,6
-1,20,-1,22,0,21,1,21,4,23,8,16,6,17,9,16,2,17,2,16,9,14,10,14,9,15,8,17,9,14,-3,17,7,16,11,18,9,17,12,15,12,16,13,23,11,19,-1,22,6,21,9,21,8,19,6,22,3,23,5,18,9,20,10,21,6,22,6,21,6,21,10,20,9,18,10,18,10,18,11,19,9,22,10,21,10,20,8,19,5,20,3,21
6,32,-2,35,7,32,8,31,9,31,2,24,-1,28,3,24,0,26,1,27,3,28,4,24,1,24,2,26,4,23,-14,24,-2,23,6,27,5,27,8,26,8,27,13,33,12,33,9,33,7,32,12,31,6,28,10,32,10,29,7,30,9,33,9,33,8,36,7,35,3,34,8,31,13,21,13,20,15,23,15,24,9,31,10,34,8,33,6,31,11,33,12,31
-8,3,-8,3,-8,3,-6,2,-9,4,-3,3,-3,4,-5,5,-1,4,-1,4,-2,5,-4,4,-5,4,-5,4,-4,4,-3,2,-5,4,-4,5,-5,5,-4,4,-3,5,-11,6,-10,5,-5,4,-8,3,-10,4,-10,3,-10,3,-10,2,-7,2,-9,3,-10,4,-8,4,-9,3,-10,4,-9,4,-9,2,-9,2,-8,3,-9,3,-10,3,-9,4,-10,4,-8,2,-7,2,-8,2
-10,15,-12,16,-10,16,-7,16,-12,20,-3,19,-6,18,-9,19,-2,18,-1,17,2,19,-6,19,-6,20,-8,19,-6,19,-4,18,-7,19,-7,19,-8,20,-6,19,-2,21,-11,21,-10,20,-6,19,-10,19,-11,23,-12,21,-12,20,-11,16,-7,15,-11,18,-11,19,-10,19,-10,23,-11,21,-11,21,-10,16,-11,16,-12,17,-13,17,-13,20,-13,17,-13,19,-12,16,-12,15,-12,16
-6,27,-8,29,-5,26,0,25,-5,27,-11,31,-10,34,-11,32,-4,33,-2,28,-11,33,-11,34,-14,33,-15,29,-15,28,-16,26,-15,26,-15,29,-7,35,-4,33,-1,35,-5,35,-6,33,-2,34,-4,29,-6,33,-7,31,-7,32,-4,25,-2,27,-8,29,-9,32,-3,32,-2,36,-4,35,-3,34,-5,31,-8,26,-9,31,-11,27,-4,36,-11,28,-9,31,-10,28,-11,26,-8,27
2,29,3,32,0,30,-1,31,-1,31,-1,26,0,29,-1,30,-1,31,-2,31,1,29,2,31,3,29,2,31,4,29,5,29,3,29,5,31,4,31,5,31,6,30,6,37,6,36,4,33,7,34,3,34,4,30,4,32,2,32,4,31,4,33,4,32,6,35,7,37,5,35,8,32,5,30,5,34,2,35,2,33,4,36,2,34,2,33,4,35,2,34,2,33
11,45,8,47,8,42,8,46,5,47,-9,45,-9,47,-7,44,-3,45,-1,47,1,46,0,48,1,46,1,48,3,49,4,48,6,47,8,49,-4,47,1,49,4,49,7,53,5,51,5,51,6,51,0,52,12,46,14,49,12,47,10,48,3,50,5,50,4,51,8,50,7,50,11,49,11,47,10,49,8,52,7,48,5,50,1,50,0,49,-1,53,-3,52,9,48
6,64,4,67,3,64,8,64,5,65,-10,63,-8,66,-2,61,1,62,2,65,5,65,3,66,4,66,6,67,10,66,12,65,13,63,17,64,0,64,5,66,9,66,9,69,7,70,4,69,2,67,0,68,10,66,14,66,18,63,12,66,-17,60,-12,60,3,67,0,65,-1,66,6,68,11,67,15,67,11,67,9,68,6,67,2,69,-1,67,-3,68,-7,69,8,66
-5,29,-5,31,-6,29,-6,30,-7,31,-3,27,-3,30,-6,30,-5,32,-6,30,-4,29,-4,32,-5,29,-7,31,-4,30,-1,31,-3,31,-5,32,-2,32,-3,32,0,32,0,36,-2,35,-2,32,-1,33,0,34,-3,30,-4,32,-6,32,-3,32,-1,32,-2,32,0,34,0,37,-2,35,-1,33,-4,30,-4,33,-6,35,-6,32,-4,35,-4,33,-4,32,-4,34,-2,34,-4,32
-3,45,-4,48,-6,45,-7,46,-8,49,-9,48,-11,48,-13,47,-12,46,-13,46,-14,46,-8,47,-12,45,-10,46,-10,47,-9,46,-10,45,-10,46,-8,49,-11,47,-11,47,0,51,3,50,3,49,1,50,13,46,-2,48,-5,48,-7,47,-6,50,5,49,6,50,3,50,1,51,-3,51,-3,49,-3,48,-7,49,-10,50,-4,47,-2,47,0,49,0,48,-3,52,-3,52,-5,48
-4,64,-8,66,-10,64,-11,64,-24,62,8,60,3,63,-3,63,-4,63,-10,65,-16,65,1,65,-6,63,-12,63,-16,63,-19,60,-18,61,-16,63,5,61,-3,66,-7,66,-14,59,-9,60,-6,60,-2,63,4,67,-3,66,-8,65,-11,65,-22,63,7,66,5,66,-9,62,-5,63,-5,66,-6,65,-8,64,-11,65,-22,61,-20,59,-18,58,-10,59,-6,60,-4,68,-8,68,-10,65
