-10,-13,-10,-12,-8,-14,-9,-14,-9,-14,-9,-14,-8,-14,-8,-14,-8,-14,-8,-14,-8,-14,9,-13,9,-13,9,-13,9,-14,7,-14,8,-14,7,-14,8,-13,8,-14,9,-14,9,-13,10,-13,10,-13,10,-14,10,-13,10,-13,10,-13,11,-12,11,-12,10,-13,10,-13,11,-13,11,-13,11,-13,11,-13,11,-13,11,-13,11,-12,-10,-14,-10,-13,-10,-13,-9,-13,-9,-13,-9,-13,-9,-13,-8,-14,-8,-14,-9,-14,-9,-14,-8,-13,-8,-13,-8,-14,-9,-13,-9,-14,-9,-13,-9,-13,-8,-14,-8,-13,-8,-14,-8,-13,-8,-14,-8,-15,9,-13,10,-14,10,-14,10,-13,10,-14,9,-13,9,-13,9,-14,10,-13,9,-13,9,-13,9,-13,9,-13,9,-14,10,-14,10,-14,9,-13,10,-14,10,-13,11,-12,11,-13,11,-13,11,-13,10,-13,10,-13,10,-13,9,-13,9,-13
0,0,0,0,0,0,0,0,0,0,0,0,0,0,0,0,0,0,0,0,0,0,0,0,0,0,0,0,0,0,0,0,0,0,0,0,0,0,0,0,0,0,0,0,0,0,0,0,0,0,0,0,0,0,0,0,0,0,0,0,0,0,0,0,0,0,0,0,0,0,0,0,0,0,0,0,0,0,0,0,0,0,0,0,0,0,0,0,0,0,0,0,0,0,0,0,0,0,0,0,0,0,0,0,0,0,0,0,0,0,0,0,0,0,0,0,0,0,0,0,0,0,0,0,0,0,0,0,0,0,0,0,0,0,0,0,0,0,0,0,0,0,0,0,0,0,0,0,0,0,0,0,0,0,0,0,0,0,0,0,0,0,0,0,0,0,0,0,0,0,0,0,0,0,0,0,0,0,0,0,0,0
5,0,6,1,5,2,2,2,2,1,3,2,6,1,6,1,6,1,7,2,7,2,-4,3,-6,4,-3,3,3,3,3,2,-5,4,-5,4,0,3,0,4,-3,4,-3,4,-2,3,-3,2,-1,2,-3,2,-2,3,-2,2,-2,3,-2,3,-4,4,-3,3,-5,4,-5,4,-5,5,-5,4,-5,3,-5,3,-1,4,3,1,4,1,4,1,5,1,5,1,5,1,5,1,5,1,4,1,4,3,1,2,2,2,3,2,-1,3,2,1,4,0,5,2,4,2,5,1,5,1,6,0,5,2,5,1,5,1,-5,4,-5,3,-5,3,-5,4,-5,4,-6,4,-6,4,-6,4,-6,4,-6,4,-5,4,-5,4,-4,5,-4,5,-4,4,-3,3,-3,4,-1,2,-3,3,-6,3,-5,2,-6,2,-6,2,-6,2,-7,1,-7,3,-7,2,-7,1
10,9,12,9,11,13,1,14,1,13,1,13,8,12,10,13,10,14,12,15,12,14,-4,16,-7,21,-5,17,3,16,6,13,-4,20,-5,18,0,16,1,17,-5,21,-4,19,-3,16,-2,19,-3,19,-3,19,-2,19,-3,17,-3,16,-4,20,-5,21,-5,19,-6,19,-7,21,-6,21,-6,20,-7,19,-8,18,-3,16,3,15,4,14,7,11,9,10,11,10,11,11,12,11,10,12,9,12,4,17,1,13,3,14,3,14,1,14,2,14,4,14,5,15,6,13,9,12,10,12,11,11,11,12,12,12,11,11,-6,18,-5,18,-7,20,-8,20,-9,20,-11,20,-11,20,-11,19,-11,19,-12,19,-11,19,-10,19,-8,20,-6,19,-4,17,-4,17,-4,18,-3,18,-4,19,-11,20,-11,19,-13,18,-13,18,-14,18,-15,16,-15,18,-15,17,-15,17
5,20,6,17,5,26,-5,20,-5,17,-6,16,4,20,4,23,3,23,4,24,7,24,5,23,4,24,4,24,5,24,6,23,6,24,6,23,7,21,6,22,6,23,6,21,5,21,7,22,6,22,6,23,6,23,5,24,5,23,6,24,5,23,5,22,5,22,5,23,5,23,5,23,5,22,3,23,5,20,-3,24,-2,23,-2,21,2,19,4,16,4,16,4,16,3,18,-1,21,-2,25,-3,20,-3,19,-5,18,-6,18,-2,22,1,24,0,26,0,24,0,21,2,19,4,17,5,18,4,18,4,18,5,28,4,29,3,30,1,29,0,30,-1,30,-2,30,-3,28,-3,28,-4,28,-2,29,-1,29,2,28,1,29,3,27,3,29,3,29,5,28,5,28,-3,31,-6,31,-8,32,-8,32,-10,32,-11,30,-11,31,-11,31,-11,30
-1,6,0,6,1,6,2,4,1,4,1,3,-1,6,-1,7,-2,7,-2,6,-3,6,-2,2,0,2,-4,3,-4,3,-6,2,2,2,0,2,-4,3,-4,3,-2,2,-3,2,-3,2,-3,2,-3,1,-3,1,-3,2,-2,2,-2,2,-1,2,-2,2,-2,2,-1,2,-3,2,0,2,-1,2,1,1,-2,1,-5,2,1,3,2,3,0,3,0,6,-1,7,-1,6,-1,6,-1,6,0,4,0,5,3,3,3,4,2,4,3,2,1,3,0,4,1,3,0,5,-1,6,-1,6,-1,5,-1,6,-2,5,-1,6,1,2,2,2,1,2,2,2,2,1,1,1,2,2,2,1,1,2,1,1,1,1,1,1,-1,1,-1,2,-1,2,-2,2,-4,2,-2,2,0,2,0,1,1,1,1,1,2,1,2,2,3,0,5,2,4,2,4,0
-3,18,-1,16,2,20,2,17,2,19,1,16,-3,18,-1,21,-1,22,-2,21,-2,21,-3,14,1,13,-6,16,-5,15,-6,14,5,12,2,12,-4,14,-5,14,-2,13,-3,14,-3,14,-3,15,-3,13,-3,14,-4,15,-3,15,-3,14,-2,15,-3,15,-2,14,-1,13,-4,16,-1,14,-2,14,0,12,-3,13,-6,14,1,17,2,16,0,18,0,21,-1,21,-2,20,-1,20,-2,19,-1,18,0,21,3,18,5,22,3,19,6,18,2,16,0,17,1,17,-1,16,-1,19,-1,20,-2,19,-2,20,-3,19,-3,19,0,14,2,13,0,14,2,13,3,12,3,12,3,11,4,10,3,10,4,9,2,9,2,11,0,12,-2,14,-1,14,-2,14,-4,16,-3,16,-2,15,1,12,2,11,3,10,5,9,5,10,6,9,7,10,7,9,6,7
0,22,1,17,0,30,-3,22,0,29,-8,16,0,25,-5,33,-7,31,-9,29,-11,28,4,21,6,21,3,22,0,23,0,23,8,21,5,21,4,20,1,20,5,20,4,19,4,19,4,20,4,20,4,20,3,21,1,25,2,22,5,21,4,21,4,21,5,20,4,20,5,20,5,20,5,19,3,19,0,20,-6,26,-5,25,-7,24,-11,23,-12,21,-12,21,-12,20,-12,23,-10,24,-6,27,0,26,-1,24,-1,22,7,29,-3,24,-3,27,-4,28,-5,26,-7,26,-9,25,-10,23,-11,22,-11,21,-11,23,2,26,3,24,4,24,6,22,8,20,8,20,9,19,10,18,10,17,10,17,8,17,8,18,5,20,-2,25,-1,25,-1,26,0,27,1,26,2,26,6,20,8,20,8,19,10,19,10,19,10,19,11,20,10,18,10,17
3,29,3,30,0,32,5,29,6,30,6,30,8,28,6,29,8,28,4,31,3,31,-2,30,-3,31,-2,30,-1,30,-1,30,-1,31,-1,30,0,29,-1,30,-1,30,-3,31,-3,31,-3,31,-3,31,-4,32,-3,31,-3,30,-3,30,-2,29,-3,29,-3,30,-3,31,-3,30,-4,31,-3,30,-3,29,-3,29,-2,27,7,24,7,28,2,29,2,30,1,31,0,33,1,32,1,30,2,30,5,29,5,28,7,29,7,28,7,29,4,28,4,26,5,28,3,29,3,29,1,31,0,31,0,32,2,31,0,31,-3,31,-2,31,-3,30,-2,31,-2,31,-2,31,-3,30,-3,30,-2,31,-2,30,-3,29,-3,28,-2,29,-3,30,-3,30,-3,30,-4,31,-2,31,-3,31,-5,32,-5,31,-4,29,-4,30,-5,29,-5,27,-4,29,-4,29,-4,27
-4,45,-4,47,-6,50,4,50,8,51,10,51,8,47,6,48,3,47,-1,48,-3,48,5,50,5,52,8,50,8,49,6,50,7,50,7,50,8,49,7,49,6,50,3,50,1,51,-1,52,-3,52,-7,53,-8,54,-9,53,-7,53,-3,54,-1,53,3,51,4,52,6,51,7,52,8,50,7,50,5,50,5,49,3,46,2,47,-3,47,-3,45,-5,47,-6,48,-6,47,-6,48,-5,47,0,49,5,48,9,49,11,48,13,48,7,46,4,45,2,46,-3,48,-4,46,-5,46,-5,48,-5,49,-5,48,-5,49,-3,53,0,53,3,52,6,51,6,51,7,51,8,49,8,49,8,51,7,49,8,49,8,48,7,48,5,49,4,49,2,51,-1,50,-3,53,-5,53,3,50,4,50,5,50,5,50,5,50,4,48,5,50,5,49,5,47
4,65,0,66,-5,68,8,69,10,70,13,70,24,59,20,59,14,60,12,63,1,68,-11,64,-6,66,4,71,11,72,16,71,17,68,17,69,16,69,12,68,6,69,3,70,-1,71,-5,72,-7,70,-11,70,-14,71,-20,70,-21,69,-22,67,-19,66,-15,64,-11,64,-4,65,-1,69,3,70,9,71,13,71,16,67,19,60,15,59,11,60,2,64,-2,64,-7,63,-12,62,-8,64,-5,64,1,66,9,65,11,67,14,66,18,66,24,57,21,55,16,58,11,59,8,63,1,65,-4,65,-8,65,-12,63,-9,66,-21,65,-18,64,-13,64,-9,64,-2,68,0,70,6,72,12,72,18,70,18,67,17,68,14,67,10,67,5,67,1,68,-1,69,-5,70,-8,70,-10,71,-14,63,-9,63,-4,67,1,69,6,70,9,68,13,69,13,69,11,67
4,30,6,31,5,32,3,29,1,31,1,31,2,29,3,31,3,30,3,32,4,32,-1,30,-2,30,-5,30,-4,30,-6,29,-5,30,-5,29,-5,29,-5,29,-3,29,-4,29,-1,30,1,31,2,31,1,31,0,31,1,29,2,30,2,29,1,29,-1,29,-2,30,-4,30,-5,30,-6,29,-6,28,-8,29,-8,26,3,25,3,29,4,29,5,30,5,32,6,33,5,33,4,31,3,31,3,29,4,28,4,30,4,29,5,30,3,30,4,27,3,28,3,30,4,30,3,32,5,31,5,32,4,31,3,31,4,31,3,31,2,30,0,30,0,30,-2,30,-2,29,-4,30,-3,30,-3,29,-3,28,-3,28,-4,28,-2,29,-2,29,1,30,0,31,2,31,1,30,-2,31,-3,31,-1,28,-3,29,-3,28,-2,26,-1,28,-1,28,-2,26
3,50,6,50,7,53,-5,51,-7,52,-7,52,-4,50,-3,52,0,52,2,52,4,52,5,50,4,50,-2,50,-5,50,-9,49,-9,48,-10,48,-8,48,-6,48,1,46,1,47,4,48,6,48,7,49,6,49,6,50,7,50,8,49,8,49,7,49,4,49,3,51,0,50,-3,50,-5,49,-7,49,-9,50,-10,48,-2,50,0,49,2,51,5,50,7,52,10,53,12,52,8,52,5,53,-1,51,-6,50,-5,50,-6,50,-5,49,-7,49,-4,49,-2,50,0,51,3,50,5,51,8,51,9,51,12,50,10,51,11,49,9,49,8,49,5,51,5,50,-1,51,-3,50,-6,49,-8,50,-10,49,-9,48,-6,47,-3,47,3,46,4,47,8,47,7,47,9,48,9,48,3,50,2,49,-2,49,-3,49,-5,48,-6,47,-7,47,-6,47,-6,45
7,70,10,71,25,65,4,70,0,71,-9,72,-3,69,0,72,2,72,6,72,9,73,4,69,0,68,-6,69,-9,69,-14,69,-17,67,-20,65,-22,64,-22,62,-15,57,-12,59,-9,62,-1,66,3,66,8,67,14,67,14,66,12,67,9,67,6,67,3,67,0,69,-4,65,-7,68,-10,69,-12,68,-16,67,-19,67,2,69,4,70,7,71,11,71,12,70,15,71,18,70,25,64,24,63,14,62,5,66,-1,69,-8,70,-13,67,-6,67,-2,67,1,68,4,69,8,69,10,70,14,68,16,68,19,67,26,64,13,69,9,68,6,69,5,70,-1,68,-5,69,-6,68,-9,68,-12,68,-17,67,-21,64,-21,61,-20,58,-12,56,-8,58,-5,60,3,64,7,64,13,65,1,68,-2,66,-7,66,-8,67,-9,67,-12,65,-13,65,-15,64,-17,60
