0,-13,2,-14,-1,-13,1,-13,0,-13,2,-13,0,-13,2,-14,1,-14,0,-14,1,-14,0,-14,1,-13,0,-13,0,-14,1,-14,-1,-14,0,-13,0,-14,0,-13,-1,-13,-2,-13,2,-13,-1,-13,0,-13,1,-14,1,-12,1,-12,-1,-13,-1,-14,-1,-14,0,-12,-1,-13,1,-13,2,-12,2,-13,1,-14,-2,-14,-2,-13,0,-13,-1,-13,-1,-12,0,-13,1,-13,2,-13,-1,-13,0,-14,0,-13,-1,-12,-1,-13,-1,-13,0,-13,0,-13,3,-13,0,-13,1,-13,1,-14,1,-13,0,-14,-2,-12,0,-13,2,-13,0,-14,1,-13,-1,-14,0,-13,0,-13,-1,-14,-1,-14,-1,-13,-2,-12,1,-13,-1,-14,0,-13,-1,-13,0,-13,0,-14,0,-13,-1,-13,0,-14
0,0,0,0,0,0,0,0,0,0,0,0,0,0,0,0,0,0,0,0,0,0,0,0,0,0,0,0,0,0,0,0,0,0,0,0,0,0,0,0,0,0,0,0,0,0,0,0,0,0,0,0,0,0,0,0,0,0,0,0,0,0,0,0,0,0,0,0,0,0,0,0,0,0,0,0,0,0,0,0,0,0,0,0,0,0,0,0,0,0,0,0,0,0,0,0,0,0,0,0,0,0,0,0,0,0,0,0,0,0,0,0,0,0,0,0,0,0,0,0,0,0,0,0,0,0,0,0,0,0,0,0,0,0,0,0,0,0,0,0,0,0,0,0,0,0,0,0,0,0,0,0,0,0,0,0,0,0,0,0
-8,3,-7,-1,-7,0,-6,-1,-8,5,-6,-1,-6,0,-6,-2,-6,-2,-7,-1,-7,-2,-6,-2,-6,-1,-7,-1,-8,3,-6,-2,-6,-2,-7,-2,-6,-2,-6,-1,-7,-2,-8,-2,-7,-1,-8,4,-8,3,-7,-1,-6,0,-6,1,-7,0,-7,-1,-7,-1,-8,4,-7,-1,-7,0,-5,0,-5,1,-6,0,-7,0,-7,0,-6,-1,-7,-1,-8,4,-6,-1,-6,-1,-6,-1,-7,-1,-6,-1,-6,-1,-6,-1,-7,0,-7,-1,-7,4,-6,-1,-5,-2,-7,-2,-6,-2,-7,-1,-6,-1,-7,-2,-7,-1,-6,0,-6,-1,-7,0,-7,0,-7,0,-6,0,-6,-1,-7,-2,-7,-1,-7,0,-6,1,-6,-1,-7,-1,-6,0,-7,-1,-7,-1,-7,-1,-7,0,-6,-1,-6,-2
-10,15,-9,-14,-8,-13,-9,-12,-11,17,-9,-13,-7,-11,-8,-13,-9,-14,-11,-14,-8,-15,-8,-14,-9,-14,-10,-13,-12,15,-8,-14,-9,-14,-9,-13,-9,-13,-10,-13,-11,-13,-13,-13,-9,-12,-11,16,-12,15,-11,-13,-10,-12,-8,-11,-10,-12,-11,-12,-12,-11,-11,16,-13,-11,-11,-10,-8,-10,-9,-8,-10,-11,-12,-11,-13,-11,-13,-11,-14,-9,-11,16,-11,-11,-10,-12,-9,-12,-11,-12,-11,-12,-12,-12,-13,-11,-14,-11,-15,-10,-9,15,-10,-13,-8,-13,-8,-13,-9,-12,-10,-13,-12,-12,-12,-13,-13,-11,-11,-11,-9,-12,-10,-10,-10,-11,-11,-12,-11,-12,-12,-12,-12,-12,-10,-13,-8,-13,-8,-10,-9,-12,-11,-12,-12,-11,-12,-12,-11,-13,-10,-13,-11,-12,-11,-12,-11,-12
-11,27,-3,-24,-2,-22,-3,-23,-14,27,-3,-24,-3,-21,-3,-24,-3,-25,-5,-25,-2,-24,-2,-23,-2,-24,-4,-24,-15,25,-2,-24,-3,-24,-3,-24,-3,-23,-3,-24,-4,-25,-7,-24,-3,-23,-14,26,-16,26,-6,-23,-4,-21,-3,-20,-4,-22,-5,-23,-7,-23,-14,26,-7,-23,-4,-20,-3,-20,-4,-19,-4,-22,-6,-23,-7,-24,-7,-24,-11,-22,-14,27,-5,-22,-3,-21,-3,-22,-4,-23,-5,-22,-5,-23,-7,-23,-9,-24,-13,-23,-12,25,-4,-23,-2,-22,-3,-23,-3,-23,-4,-24,-7,-23,-8,-24,-10,-21,-5,-20,-2,-21,-4,-18,-3,-21,-4,-22,-4,-22,-6,-23,-9,-22,-4,-23,-3,-22,-4,-20,-4,-23,-7,-23,-8,-23,-8,-22,-5,-22,-5,-23,-5,-24,-7,-23,-8,-24
8,3,6,0,6,1,6,0,8,4,6,1,7,-1,7,-1,7,-1,6,-1,7,-2,6,-2,7,0,7,-1,7,3,7,-1,6,-3,6,-2,6,0,6,0,7,-1,6,-1,6,0,8,4,8,4,6,-2,6,0,7,0,6,0,6,-1,6,0,8,4,6,0,6,0,6,0,7,0,7,-1,6,-1,6,0,7,0,7,1,8,4,6,0,6,0,7,-1,6,-2,6,0,7,1,6,0,7,0,6,1,8,4,7,0,7,-1,6,-1,6,-1,6,-1,7,0,7,-1,6,0,7,0,7,1,6,-1,6,1,6,1,7,1,7,1,7,-1,7,0,7,-1,7,-1,7,0,6,0,7,1,6,-1,6,0,6,0,6,1,7,0,7,-1
9,15,10,-12,8,-11,8,-12,11,16,9,-11,8,-11,8,-14,9,-13,9,-13,9,-13,9,-12,9,-12,10,-12,10,15,10,-12,8,-14,8,-13,9,-11,10,-11,11,-12,11,-11,9,-12,10,16,11,16,9,-12,8,-11,8,-11,8,-12,9,-11,10,-12,9,17,11,-9,9,-9,8,-10,8,-10,8,-11,9,-11,10,-11,12,-10,14,-8,10,16,11,-8,10,-10,8,-11,7,-13,10,-10,11,-9,12,-9,13,-8,14,-8,11,15,12,-11,10,-11,8,-12,8,-11,10,-11,10,-11,12,-11,12,-8,12,-8,10,-10,9,-8,9,-8,10,-10,12,-9,13,-8,11,-12,9,-13,8,-11,7,-10,8,-12,9,-12,11,-11,10,-11,8,-12,7,-12,8,-12,10,-12,11,-12
9,24,3,-24,4,-22,4,-23,14,26,3,-23,2,-21,2,-24,4,-24,2,-25,3,-24,4,-22,4,-23,3,-24,12,24,4,-23,3,-24,3,-24,3,-23,4,-23,4,-24,4,-24,2,-23,12,27,14,26,4,-22,1,-21,3,-20,2,-22,2,-23,3,-25,9,27,7,-19,2,-20,3,-19,3,-18,3,-20,0,-24,1,-24,6,-22,9,-19,12,27,8,-18,4,-20,3,-21,1,-22,3,-22,3,-22,6,-21,8,-21,11,-21,12,25,8,-20,4,-21,3,-22,3,-22,3,-23,4,-24,8,-22,11,-18,7,-19,3,-20,3,-18,3,-20,3,-22,6,-22,8,-21,9,-22,3,-24,2,-22,2,-20,1,-24,2,-25,7,-23,5,-21,1,-22,2,-22,1,-23,3,-24,6,-23
-5,25,-5,24,-6,24,-6,25,-6,26,-5,25,-5,27,-5,24,-5,23,-6,23,-5,23,-5,24,-5,24,-5,24,-6,25,-4,23,-5,23,-5,23,-5,25,-5,25,-5,24,-6,23,-4,25,-5,26,-5,26,-5,25,-6,25,-5,27,-6,26,-6,25,-6,25,-6,26,-5,24,-5,26,-4,25,-4,25,-5,23,-5,23,-5,24,-5,22,-5,23,-5,25,-5,25,-4,25,-5,24,-6,24,-5,24,-5,24,-5,24,-5,25,-5,24,-5,26,-4,22,-4,23,-5,24,-5,24,-5,23,-5,24,-5,22,-6,24,-5,24,-5,24,-6,26,-6,25,-6,25,-5,24,-5,25,-5,23,-6,23,-5,24,-6,25,-5,24,-6,24,-6,25,-6,25,-6,25,-6,26,-6,26,-5,26,-5,24
-7,41,-7,40,-8,43,-8,44,-6,42,-7,42,-7,45,-7,42,-7,41,-8,41,-7,42,-7,43,-7,42,-7,43,-7,42,-6,41,-7,41,-7,41,-7,42,-7,42,-7,42,-8,41,-7,43,-7,44,-6,43,-7,43,-7,44,-6,45,-7,44,-7,43,-7,42,-7,43,-7,42,-7,44,-6,43,-6,44,-6,43,-7,42,-7,42,-7,40,-7,42,-6,42,-7,42,-6,42,-7,42,-8,42,-7,42,-7,41,-7,40,-7,42,-7,40,-6,42,-6,40,-6,41,-7,41,-7,42,-7,41,-7,42,-7,39,-7,42,-6,42,-6,42,-7,44,-7,43,-7,42,-6,42,-6,42,-8,40,-8,42,-7,43,-7,45,-7,43,-8,42,-7,42,-7,43,-7,43,-7,43,-7,43,-7,43,-6,42
-8,56,-8,54,-8,59,-8,60,-7,57,-7,58,-7,59,-7,56,-7,55,-8,55,-7,57,-7,58,-7,58,-7,58,-8,55,-6,56,-7,54,-7,56,-8,57,-7,57,-7,56,-8,55,-8,59,-8,59,-7,58,-8,58,-8,60,-7,60,-8,59,-8,58,-8,57,-8,59,-8,58,-8,59,-7,60,-7,62,-7,60,-8,59,-8,59,-7,57,-7,59,-7,57,-7,57,-7,57,-7,58,-8,58,-7,57,-7,56,-7,57,-7,57,-7,57,-6,56,-6,55,-6,56,-7,55,-7,57,-7,59,-7,57,-7,55,-8,57,-7,58,-7,58,-8,60,-8,59,-8,58,-7,58,-7,58,-8,57,-8,57,-7,58,-7,61,-7,59,-8,58,-7,57,-8,59,-8,59,-8,59,-8,60,-7,59,-7,57
3,25,2,25,3,24,3,26,3,26,3,26,3,27,3,25,3,23,3,23,4,24,3,25,3,25,4,25,3,25,4,24,3,24,3,24,3,25,3,26,3,24,2,24,4,26,3,27,3,27,2,25,3,26,4,27,3,26,3,25,3,25,3,26,3,24,3,27,4,26,5,25,5,24,3,24,4,24,5,23,5,24,3,26,3,25,3,25,3,25,2,25,4,25,4,24,4,24,3,25,4,24,3,26,5,22,4,24,3,24,3,25,3,24,4,24,4,23,3,24,4,24,4,24,3,26,2,26,2,25,4,25,4,25,3,23,4,24,4,25,3,25,3,25,2,25,3,26,3,26,3,26,2,26,3,27,3,26,3,25
4,41,4,40,4,42,4,43,4,42,5,42,5,45,5,42,5,40,3,40,5,41,5,43,6,42,5,42,4,41,6,41,4,41,5,41,4,42,4,42,4,41,3,40,5,43,5,43,5,43,4,43,4,43,5,44,4,43,4,42,4,42,4,43,4,41,4,43,5,42,5,43,5,41,4,40,4,40,5,39,5,41,5,42,5,42,5,42,5,42,4,42,5,42,5,41,5,40,5,41,4,40,6,42,5,39,6,41,5,40,5,41,5,40,4,40,4,38,4,40,5,41,5,42,4,43,4,43,4,42,5,42,5,42,4,40,4,41,4,41,4,44,4,42,3,42,5,42,4,43,5,43,4,43,4,43,5,43,5,42
5,57,5,56,5,58,5,58,5,58,5,59,5,61,5,58,5,57,4,56,6,57,6,58,6,58,6,57,5,57,6,57,5,56,5,57,5,58,5,58,5,56,4,56,5,58,5,59,5,58,4,58,5,60,6,61,5,59,5,58,5,57,4,59,4,58,4,60,5,60,6,60,6,59,5,58,5,58,6,57,6,58,5,58,6,59,5,59,5,59,4,59,5,59,5,59,5,58,5,58,5,58,6,57,7,55,7,58,6,56,6,58,6,58,5,57,6,55,5,56,6,57,5,58,5,59,5,58,5,58,6,58,6,58,5,57,5,57,5,58,5,61,5,59,4,58,5,58,5,58,5,58,5,59,5,59,6,59,6,58
