-2,-15,0,-14,0,-15,1,-15,2,-14,1,-15,1,-14,1,-14,0,-15,-1,-15,2,-15,0,-15,0,-15,-1,-15,-1,-16,0,-15,-1,-15,-1,-15,-1,-15,1,-15,0,-15,-1,-15,1,-15,2,-15,0,-14,0,-14,-1,-15,0,-15,0,-14,-1,-15,0,-15,0,-14
0,0,0,0,0,0,0,0,0,0,0,0,0,0,0,0,0,0,0,0,0,0,0,0,0,0,0,0,0,0,0,0,0,0,0,0,0,0,0,0,0,0,0,0,0,0,0,0,0,0,0,0,0,0,0,0,0,0,0,0,0,0,0,0
1,4,0,4,-6,4,-6,4,-6,5,-3,5,-1,4,-5,4,-1,3,0,4,-5,3,-4,4,-6,4,-1,4,-7,4,-4,4,-6,5,2,6,0,5,-3,4,-3,5,-3,4,-6,4,-6,5,1,5,-4,4,-2,4,-4,6,-2,3,-2,4,-3,3,0,4
1,17,2,15,-6,15,-6,14,-7,15,-6,16,-1,16,-7,16,2,15,0,14,-7,12,-1,14,-7,15,-3,15,-8,16,-6,16,-7,16,2,17,2,18,-6,15,-3,15,-4,15,-8,16,-7,15,3,18,-6,16,0,15,-5,17,-2,15,-2,16,-4,15,0,15
-1,26,-3,23,-5,23,-5,22,-4,21,-5,21,-3,25,-8,26,1,25,-5,22,-4,22,-4,22,-3,22,-6,24,-5,24,-3,24,-6,24,0,25,1,28,-6,24,-5,24,-6,23,-6,23,-5,24,1,28,-6,25,1,25,-4,23,-4,23,-4,24,-5,23,-5,23
1,5,1,5,4,6,2,4,4,6,2,6,3,5,4,5,2,5,1,5,3,5,2,5,2,5,2,4,3,6,3,6,5,6,2,7,0,6,3,5,3,5,2,5,5,5,6,5,1,5,2,5,3,6,4,6,2,4,2,4,2,4,1,5
1,18,4,16,3,17,2,15,3,17,2,18,2,18,3,18,3,16,0,15,2,15,1,15,3,17,2,16,3,17,3,17,4,18,3,18,2,20,4,17,3,17,2,17,5,17,6,16,1,19,3,18,3,17,4,18,3,16,3,17,3,17,2,16
-3,27,-1,17,1,23,5,21,-1,23,-3,24,-1,27,-3,26,0,25,-5,23,-3,22,-4,23,-1,24,-2,24,-1,24,0,25,-1,24,-1,24,-1,28,-1,25,-2,25,-2,25,-1,24,5,24,-1,28,-4,26,0,25,-1,26,-1,24,-1,26,-4,24,-2,22
3,28,1,28,-4,27,-4,28,-4,27,-5,27,-3,28,-3,27,-2,27,-5,27,-3,27,-4,26,-3,27,-5,27,-4,27,-3,29,-3,28,5,27,3,28,-2,28,-2,28,-3,29,-4,28,-3,29,4,28,-4,27,-3,29,-3,29,-2,28,-2,28,-3,26,-3,27
2,44,3,44,-7,45,-7,45,-6,43,-6,44,-6,45,-6,45,-5,44,-6,45,-5,45,-6,45,-6,44,-7,45,-7,45,-6,44,-6,45,5,45,5,45,-5,45,-5,45,-5,45,-5,45,-3,44,5,45,-6,45,-6,45,-5,45,-5,45,-5,45,-6,43,-6,44
1,62,2,61,-9,62,-9,62,-8,62,-8,62,-7,62,-7,62,-7,61,-7,61,-5,61,-6,61,-6,61,-8,61,-8,61,-7,61,-7,62,5,61,6,61,-6,62,-6,62,-7,62,-6,62,-5,61,5,62,-7,62,-7,62,-6,62,-6,62,-6,62,-7,61,-7,61
0,27,3,28,4,27,4,28,4,27,4,27,5,27,6,27,5,27,3,27,5,27,4,26,5,26,3,27,4,27,5,29,5,27,0,27,1,27,6,28,6,28,5,29,5,28,5,29,1,28,5,27,4,29,5,29,5,28,5,28,3,26,3,26
-6,44,3,44,4,45,3,45,4,44,4,44,5,45,6,45,5,45,4,44,6,44,5,44,5,44,4,45,4,45,5,45,5,46,-5,43,-6,44,6,46,6,45,6,46,6,44,6,45,-5,44,5,45,5,46,6,45,6,46,6,45,5,44,4,45
-6,62,-4,62,3,62,3,62,4,61,4,61,5,61,5,62,4,61,4,61,6,61,5,61,5,61,4,61,4,61,5,61,5,62,-7,61,-7,61,6,61,6,61,5,61,6,61,7,61,-7,61,5,62,5,62,6,62,6,62,6,62,5,61,4,61
