0,-16,1,-16,1,-17,2,-16,1,-16,1,-16,0,-15,0,-15,1,-16,1,-16,1,-16,0,-15,0,-15,1,-16,0,-16,0,-16,0,-16,0,-16,1,-16,1,-16,0,-16,0,-15,0,-16,0,-15,0,-15,0,-16,1,-16,1,-16,1,-16,0,-16,1,-16,1,-16,0,-16,0,-16,1,-16,1,-16,1,-16,0,-15,0,-15,0,-15,0,-15,0,-15,0,-16,1,-16,0,-16,1,-16,1,-16,1,-16,1,-16,1,-16,1,-16,0,-16,2,-16,0,-15,0,-16,0,-16,0,-17,1,-16,0,-15,0,-14,0,-15,0,-15,0,-15,0,-15,0,-15,0,-15,1,-16,1,-15,1,-16,0,-16,0,-16,0,-16,1,-16,0,-16,0,-16,0,-16,1,-16,1,-15,1,-15,1,-16,0,-15,1,-15,1,-15,1,-15,1,-15,0,-15,1,-16,0,-16,0,-16,0,-16,0,-16,1,-16,0,-15
0,0,0,0,0,0,0,0,0,0,0,0,0,0,0,0,0,0,0,0,0,0,0,0,0,0,0,0,0,0,0,0,0,0,0,0,0,0,0,0,0,0,0,0,0,0,0,0,0,0,0,0,0,0,0,0,0,0,0,0,0,0,0,0,0,0,0,0,0,0,0,0,0,0,0,0,0,0,0,0,0,0,0,0,0,0,0,0,0,0,0,0,0,0,0,0,0,0,0,0,0,0,0,0,0,0,0,0,0,0,0,0,0,0,0,0,0,0,0,0,0,0,0,0,0,0,0,0,0,0,0,0,0,0,0,0,0,0,0,0,0,0,0,0,0,0,0,0,0,0,0,0,0,0,0,0,0,0,0,0,0,0,0,0,0,0,0,0,0,0,0,0,0,0,0,0,0,0,0,0,0,0,0,0,0,0
-11,4,-10,5,-10,3,-10,4,-9,4,-10,4,-11,5,-11,5,-10,4,-10,5,-10,6,-11,6,-11,5,-10,5,-10,5,-10,5,-10,5,-10,4,-10,4,-10,4,-10,4,-10,4,-10,3,-10,4,-10,4,-8,3,-10,3,-10,3,-10,4,-10,3,-10,4,-10,4,-10,4,-10,3,-10,3,-10,3,-10,3,-10,5,-10,5,-11,5,-11,5,-11,4,-11,5,-10,5,-11,4,-10,4,-10,4,-10,4,-10,4,-10,4,-10,4,-10,3,-8,3,-10,4,-10,4,-10,4,-10,4,-10,5,-10,5,-10,6,-10,6,-10,7,-10,5,-10,5,-10,5,-10,5,-10,4,-12,4,-11,3,-10,4,-10,4,-10,4,-10,4,-11,4,-10,4,-9,4,-10,4,-10,4,-10,4,-10,4,-11,5,-10,5,-10,5,-10,5,-10,5,-10,6,-10,5,-10,5,-10,5,-10,5,-10,4,-10,4,-11,5
-13,20,-12,20,-13,18,-13,19,-13,19,-14,19,-15,19,-18,19,-16,17,-14,19,-12,21,-13,20,-14,20,-13,20,-12,20,-12,20,-12,19,-13,19,-14,19,-16,19,-17,18,-15,19,-17,18,-15,19,-13,19,-11,18,-21,14,-16,18,-14,18,-12,18,-11,19,-12,19,-13,19,-15,19,-17,18,-19,16,-20,16,-15,20,-13,19,-12,21,-15,20,-18,17,-16,19,-13,20,-13,20,-14,20,-15,19,-16,20,-16,19,-17,18,-17,17,-23,5,-19,8,-20,14,-18,16,-16,17,-14,18,-12,20,-11,21,-10,22,-11,22,-12,22,-13,20,-14,21,-16,20,-17,18,-19,16,-30,4,-27,5,-14,18,-12,18,-13,20,-14,19,-16,19,-21,15,-18,17,-16,18,-15,19,-13,20,-12,20,-13,21,-13,21,-13,21,-14,20,-16,20,-13,20,-14,19,-12,19,-14,19,-14,19,-15,19,-16,19,-14,19
-13,32,-12,33,-13,31,-13,33,-14,32,-16,31,-19,32,-22,31,-20,27,-15,30,-10,33,-12,32,-13,31,-12,32,-12,32,-12,33,-13,32,-15,32,-17,30,-19,30,-24,29,-17,32,-22,30,-18,32,-14,33,-13,32,-28,20,-22,29,-18,30,-14,32,-10,31,-12,32,-15,32,-19,32,-22,29,-28,28,-28,26,-21,33,-16,32,-11,33,-19,32,-23,28,-20,31,-15,32,-12,33,-14,33,-15,32,-16,32,-18,31,-20,30,-23,28,-32,6,-29,10,-29,22,-27,27,-22,28,-18,30,-13,32,-10,34,-8,35,-11,35,-14,34,-15,32,-17,32,-20,31,-24,29,-27,24,-29,6,-31,5,-20,30,-16,31,-13,33,-15,33,-18,31,-30,22,-27,27,-22,28,-19,31,-15,32,-12,33,-12,34,-13,35,-14,35,-17,34,-19,33,-16,33,-17,33,-12,33,-14,33,-16,32,-17,32,-19,32,-18,33
10,4,11,4,11,3,11,4,10,4,10,4,9,5,9,5,9,4,10,4,11,5,10,4,10,4,11,4,10,4,10,4,10,4,10,4,10,4,9,4,10,4,9,4,10,4,10,5,10,4,10,4,10,3,10,4,10,4,10,5,10,4,10,4,10,4,10,4,10,4,10,3,10,3,10,4,10,5,10,5,10,5,9,4,9,5,10,5,9,5,10,5,10,5,10,5,10,5,9,4,9,4,9,4,10,3,10,5,10,5,10,4,10,5,11,5,11,6,11,7,11,7,11,7,11,6,10,6,10,6,10,5,10,4,11,5,10,3,9,4,10,5,10,5,10,6,9,6,9,4,10,4,10,4,10,5,10,5,10,4,9,5,10,5,10,5,9,5,9,5,10,6,10,4,10,5,10,5,10,4,10,5,9,4,10,6
12,18,14,18,14,17,15,18,14,18,14,18,13,19,14,18,16,16,15,18,13,19,12,19,13,18,15,18,14,18,14,17,14,19,14,18,14,17,15,17,17,17,13,18,13,19,12,19,11,19,12,19,19,14,15,17,13,19,11,19,10,19,11,19,11,18,13,18,14,19,15,17,17,16,13,19,11,19,10,20,13,21,13,19,12,20,12,20,11,20,12,20,13,20,13,20,14,19,14,19,16,19,20,8,20,11,17,15,15,18,14,19,12,19,12,21,12,22,12,22,13,22,13,23,13,22,14,21,15,21,17,20,18,18,23,8,21,8,14,19,13,20,11,21,12,21,12,21,16,17,15,19,14,19,12,19,11,20,11,20,10,21,12,20,13,20,13,20,14,21,11,22,13,19,11,19,13,19,13,19,14,19,14,19,11,20
12,30,13,30,14,30,15,33,16,30,17,29,18,31,21,29,24,27,20,29,12,30,11,30,12,29,14,29,14,29,14,29,14,30,16,31,17,29,20,30,23,27,15,29,18,32,14,33,11,33,14,33,29,22,21,30,17,31,13,32,10,32,11,32,13,32,16,30,19,31,22,29,25,26,18,32,13,30,10,33,16,34,20,32,16,33,15,34,10,33,12,33,14,33,15,34,16,32,19,32,22,31,29,10,29,15,26,25,22,28,20,31,16,33,14,35,12,35,11,36,12,36,13,36,15,36,17,35,20,35,23,32,27,28,32,8,31,7,21,33,16,34,11,34,13,36,14,36,25,28,23,32,19,33,15,34,12,34,11,33,10,34,13,35,14,35,16,35,19,34,11,35,16,31,10,33,12,34,14,33,15,33,17,32,14,33
-6,33,-5,33,-5,33,-5,33,-5,34,-5,35,-6,36,-6,37,-6,33,-5,34,-4,36,-6,33,-6,35,-5,34,-5,34,-5,33,-5,34,-5,35,-5,34,-5,35,-5,35,-6,35,-6,36,-6,34,-6,33,-5,34,-6,34,-6,35,-6,33,-6,33,-6,34,-7,32,-6,33,-6,32,-6,34,-6,34,-6,33,-7,33,-7,33,-6,34,-7,34,-7,35,-7,34,-6,33,-7,33,-6,33,-6,33,-5,35,-6,35,-6,35,-6,34,-6,36,-5,34,-6,34,-6,34,-6,34,-6,34,-5,34,-5,34,-6,35,-5,34,-5,35,-5,36,-5,35,-5,36,-5,36,-5,35,-6,35,-6,37,-7,33,-6,33,-6,34,-6,34,-7,34,-7,32,-6,33,-6,34,-6,34,-6,34,-6,33,-7,35,-6,34,-6,35,-6,34,-6,36,-6,35,-7,33,-7,34,-7,33,-6,34,-6,34,-6,35,-7,35
-6,51,-5,51,-5,50,-5,52,-5,51,-5,53,-6,54,-6,54,-5,53,-5,53,-4,54,-5,53,-5,53,-5,53,-5,53,-4,53,-5,53,-5,53,-5,52,-5,53,-5,53,-6,53,-6,54,-6,52,-6,52,-5,52,-6,53,-6,53,-6,52,-6,52,-7,53,-7,51,-5,51,-6,51,-7,52,-7,53,-6,53,-6,52,-7,51,-6,52,-6,53,-7,53,-7,53,-6,52,-6,52,-5,52,-5,52,-5,53,-5,53,-5,53,-5,53,-6,54,-4,53,-6,53,-6,53,-6,52,-6,52,-5,52,-5,53,-5,53,-6,53,-5,53,-6,53,-6,53,-6,54,-5,54,-5,53,-5,53,-6,54,-7,52,-7,52,-6,52,-6,53,-7,53,-7,52,-6,53,-6,54,-6,53,-6,53,-6,53,-8,54,-6,53,-6,53,-6,53,-6,54,-7,53,-7,52,-7,52,-6,52,-6,52,-6,52,-7,53,-7,53
-8,69,-7,70,-6,68,-6,69,-6,69,-6,69,-7,70,-7,70,-6,69,-6,68,-5,70,-6,70,-6,69,-5,68,-6,68,-5,68,-6,69,-6,69,-6,69,-6,69,-6,69,-7,69,-7,69,-7,68,-7,69,-6,69,-7,69,-7,69,-7,69,-7,69,-7,69,-7,69,-7,69,-7,69,-7,69,-7,69,-7,68,-7,69,-7,68,-7,69,-7,69,-8,69,-8,69,-7,69,-8,69,-7,69,-8,69,-7,69,-8,69,-8,69,-8,69,-8,69,-6,69,-8,69,-8,69,-7,68,-8,68,-7,69,-6,69,-7,70,-7,70,-7,70,-7,69,-7,69,-7,70,-7,69,-7,69,-7,69,-8,70,-8,68,-8,68,-8,69,-8,69,-8,69,-9,69,-8,69,-8,69,-8,70,-7,70,-8,69,-9,70,-8,70,-7,70,-8,70,-8,70,-7,69,-8,69,-8,69,-8,69,-8,69,-8,69,-8,69,-8,69
5,33,6,33,5,32,6,33,6,34,5,35,5,36,5,36,7,33,6,33,6,36,5,33,5,34,6,34,5,34,5,32,5,33,5,34,5,33,5,34,6,35,5,34,5,35,5,34,4,33,5,33,5,34,5,34,5,33,5,33,4,34,4,32,4,33,5,32,5,34,5,34,5,33,5,33,5,33,5,33,5,33,4,35,4,34,5,33,4,33,5,33,5,33,5,35,5,34,5,34,5,33,5,36,6,34,5,34,5,34,5,33,5,34,6,34,6,33,6,34,6,33,6,35,6,35,6,34,6,36,6,35,6,34,6,35,5,37,5,33,4,33,4,33,4,34,4,34,5,32,6,33,6,34,6,34,5,34,5,33,4,35,4,34,5,34,5,34,5,36,5,35,4,34,4,34,4,33,5,34,5,34,5,35,4,35
6,51,7,50,7,49,7,51,7,51,6,52,6,53,5,53,7,52,7,52,8,53,7,52,7,52,8,52,7,52,7,52,7,52,7,52,7,52,7,53,7,53,6,53,6,53,6,52,6,51,7,51,6,52,6,52,6,52,6,51,6,52,6,51,6,51,6,51,6,52,6,52,6,52,6,52,6,51,6,51,6,53,5,52,5,52,6,51,5,51,6,51,6,50,6,52,6,52,6,52,6,52,6,53,7,52,6,53,6,52,6,52,6,52,7,52,7,52,7,53,7,53,7,53,7,53,7,52,7,53,7,53,7,52,7,53,6,53,6,51,6,51,6,51,6,53,5,52,5,51,6,52,6,53,6,52,6,52,6,52,5,53,6,53,6,54,6,52,6,53,6,53,6,52,6,51,5,51,6,51,6,52,6,53,5,53
6,68,7,68,7,67,7,69,7,69,7,69,6,70,6,69,7,68,7,68,8,69,7,69,7,69,7,68,7,69,7,69,7,69,7,69,7,69,7,69,7,69,6,69,5,69,6,69,6,69,7,69,6,69,6,69,6,69,6,69,6,69,6,69,6,69,6,69,6,69,6,69,6,69,6,69,6,69,6,69,5,69,5,69,5,69,6,69,5,69,6,69,6,68,6,68,6,68,6,69,6,69,6,69,7,68,6,69,6,69,6,68,6,68,7,69,7,69,7,70,7,70,7,70,7,69,7,69,7,69,7,69,7,68,7,69,6,70,6,68,6,67,6,68,6,68,5,69,4,69,6,69,6,69,6,69,6,69,6,68,5,69,6,70,6,70,6,70,6,70,6,70,6,69,5,69,5,69,5,69,6,69,5,69,5,69
