1,-14,1,-14,1,-14,1,-15,1,-16,1,-16,2,-16,0,-14,2,-15,0,-15,1,-14,0,-15,1,-16,0,-14,0,-14,2,-14,1,-15,-1,-14,0,-15,2,-15,0,-14,0,-14,1,-14,2,-15,0,-14,0,-14,0,-14
0,0,0,0,0,0,0,0,0,0,0,0,0,0,0,0,0,0,0,0,0,0,0,0,0,0,0,0,0,0,0,0,0,0,0,0,0,0,0,0,0,0,0,0,0,0,0,0,0,0,0,0,0,0
-8,2,-7,2,-8,1,-8,1,-9,-1,-9,-1,-9,-1,-8,2,-9,0,-8,1,-8,3,-8,1,-10,-1,-8,2,-8,2,-7,2,-10,-1,-8,3,-9,3,-10,1,-9,2,-8,2,-8,2,-8,2,-8,3,-8,3,-9,3
-12,14,-12,14,-13,12,-14,13,-20,-4,-20,-3,-19,-1,-12,16,-17,-4,-17,-4,-11,16,-13,14,-21,1,-12,14,-13,15,-12,14,-20,-1,-12,16,-13,14,-20,3,-12,15,-13,14,-15,13,-16,11,-15,13,-13,14,-12,15
-12,24,-15,24,-18,22,-20,24,-28,-12,-29,-9,-29,-6,-14,28,-8,-11,-7,-11,-11,27,-16,25,-31,-2,-12,22,-14,27,-16,25,-29,-5,-14,27,-18,24,-30,0,-14,27,-18,25,-21,23,-27,17,-22,20,-18,24,-16,26
8,3,8,3,7,1,7,2,10,-1,10,0,10,0,8,3,8,0,8,1,8,2,8,2,11,0,7,2,7,2,8,2,10,1,8,4,8,3,10,1,8,3,8,3,8,2,8,2,8,3,8,3,8,3
10,16,11,16,12,14,12,14,21,0,21,2,21,2,11,15,18,-2,17,-3,10,14,11,14,28,-1,10,13,11,14,13,15,26,1,10,19,11,16,23,4,9,16,11,15,13,14,15,12,12,15,11,16,9,16
10,27,14,27,17,26,17,26,27,-4,28,-1,29,2,12,27,12,-7,10,-11,12,24,15,26,30,-2,11,23,12,24,17,26,30,-2,11,29,14,26,29,4,10,26,15,27,19,25,24,22,19,26,15,28,10,26
-5,29,-6,28,-6,27,-6,27,-6,26,-6,25,-5,25,-5,28,-6,26,-6,27,-5,28,-6,27,-6,27,-6,27,-6,27,-5,27,-6,27,-6,29,-6,27,-5,27,-6,28,-6,28,-6,27,-5,26,-6,27,-6,28,-7,28
-5,46,-5,45,-5,45,-6,44,-5,44,-5,43,-4,43,-5,45,-5,45,-5,45,-5,46,-6,44,-5,45,-6,44,-6,45,-4,45,-5,44,-5,45,-6,45,-4,45,-6,44,-6,44,-6,44,-5,45,-6,46,-6,46,-6,45
-5,64,-5,63,-5,63,-6,62,-5,62,-5,61,-4,62,-5,64,-5,63,-6,62,-6,64,-6,63,-6,63,-6,64,-6,63,-5,63,-5,62,-5,63,-6,63,-5,63,-6,63,-6,62,-6,63,-6,63,-6,64,-6,64,-7,64
4,30,4,28,3,28,3,27,3,26,4,25,5,25,3,28,3,26,3,27,3,29,3,27,3,27,3,27,3,28,3,28,3,27,3,29,2,28,4,27,3,28,3,28,2,28,4,27,2,28,3,29,2,29
1,46,2,45,1,46,1,45,1,44,2,44,3,44,2,46,1,46,1,46,1,47,0,46,1,45,1,45,1,45,2,46,1,45,1,46,1,45,2,46,0,45,0,45,0,46,1,46,0,47,0,47,0,46
2,65,1,64,1,63,1,62,1,62,1,62,2,62,1,64,1,62,1,63,1,64,1,64,1,63,1,64,1,64,2,63,1,62,1,64,0,63,2,63,0,63,0,63,0,64,1,64,-1,64,0,63,0,63
