1,-16,1,-16,2,-16,1,-15,1,-15,1,-16,1,-16,0,-16,0,-15,0,-16,3,-16,0,-16,0,-16,-1,-16,0,-14,0,-14,0,-14,0,-15,0,-15,0,-15,-1,-15,2,-15,0,-15,0,-15,0,-15,0,-15,-1,-16,-1,-16,0,-15,1,-15,0,-14,-1,-15,-1,-15,-1,-16,3,-16,1,-16,0,-16,0,-14,-1,-15,2,-14,3,-14,3,-14,2,-14,1,-14,1,-13,3,-15,3,-15,2,-15,1,-14,3,-15
0,0,0,0,0,0,0,0,0,0,0,0,0,0,0,0,0,0,0,0,0,0,0,0,0,0,0,0,0,0,0,0,0,0,0,0,0,0,0,0,0,0,0,0,0,0,0,0,0,0,0,0,0,0,0,0,0,0,0,0,0,0,0,0,0,0,0,0,0,0,0,0,0,0,0,0,0,0,0,0,0,0,0,0,0,0,0,0,0,0,0,0,0,0,0,0,0,0,0,0
-8,0,-8,1,-8,0,-8,1,-8,1,-8,0,-8,0,-9,0,-8,0,-9,-1,-7,-1,-7,-2,-8,-2,-8,-1,-7,1,-8,1,-8,3,-6,1,-7,1,-6,1,-9,0,-8,0,-8,0,-8,0,-9,1,-8,0,-7,-1,-7,-1,-8,1,-7,0,-6,0,-8,-1,-8,-1,-8,-2,-9,-1,-8,-1,-8,-2,-8,0,-9,-1,-8,2,-7,1,-7,0,-8,0,-7,-2,-6,1,-8,0,-7,0,-7,0,-6,0,-7,1
-13,13,-13,12,-14,10,-14,11,-15,12,-15,10,-19,0,-30,-6,-18,-3,-19,-5,-16,-8,-17,-8,-18,-6,-19,0,-12,15,-10,14,-11,15,-14,13,-16,12,-15,11,-21,-3,-20,0,-18,6,-14,13,-13,13,-12,12,-12,10,-13,11,-14,12,-15,12,-15,11,-18,6,-16,3,-17,0,-28,-4,-28,-10,-18,-8,-17,-6,-20,-2,-14,13,-13,14,-12,14,-13,13,-13,11,-13,13,-14,13,-14,13,-15,12,-15,10,-15,12
-8,22,-8,22,-11,23,-15,23,-19,24,-23,21,-9,23,-30,-7,-28,-10,-27,-15,-4,-15,-8,-13,-14,-14,-29,-7,-17,26,-12,26,-9,27,-8,23,-11,24,-14,24,-24,-12,-27,-9,-27,6,-21,24,-17,26,-13,25,-10,23,-9,23,-9,23,-10,23,-13,24,-15,4,-16,3,-17,0,-16,-1,-28,-10,-23,-17,-8,-14,-28,-11,-23,23,-19,26,-15,27,-13,26,-11,26,-9,26,-8,24,-7,23,-11,24,-14,24,-17,24
8,0,8,1,8,-1,8,0,8,0,8,0,8,-1,9,-2,9,-2,8,-2,7,1,7,-2,9,-3,9,-1,9,1,8,1,9,2,8,0,7,0,7,-1,8,0,8,-1,8,0,8,0,9,0,8,0,8,0,8,-1,7,-1,8,-1,7,0,9,-1,8,-2,9,-2,9,-1,10,-2,9,-2,9,-1,9,-1,8,1,9,1,8,0,7,0,6,-1,7,2,7,0,8,0,7,0,7,0,7,0
13,12,14,12,14,10,15,11,15,12,15,10,11,0,21,-3,21,-2,20,-5,18,-7,18,-8,20,-6,21,1,13,13,12,14,12,14,15,12,15,11,16,10,21,-2,14,0,19,8,13,14,12,13,12,13,13,12,14,11,14,12,16,11,16,10,18,4,16,1,15,-1,16,-1,22,-7,20,-7,18,-5,21,-2,15,13,13,14,12,13,11,13,11,13,13,15,13,12,14,12,14,12,15,11,16,10
9,22,10,22,14,22,18,22,21,23,24,19,16,0,30,-8,31,-11,26,-15,9,-13,9,-12,14,-15,30,-5,17,27,14,27,11,26,11,22,12,22,17,22,29,-11,21,0,32,11,18,26,15,26,12,26,8,23,9,21,8,22,12,22,17,22,15,4,15,1,15,-1,30,-7,32,-14,23,-15,11,-12,28,-10,23,23,19,26,15,27,11,26,9,25,8,25,7,22,9,23,11,23,16,24,21,22
-5,24,-4,25,-4,22,-5,26,-4,23,-5,22,-5,23,-5,23,-4,24,-5,23,-4,22,-5,22,-5,23,-5,24,-4,24,-4,23,-5,23,-4,26,-5,25,-3,23,-5,23,-4,23,-5,23,-5,23,-5,22,-5,22,-5,23,-5,23,-5,27,-4,24,-4,25,-5,24,-5,24,-6,23,-4,25,-4,24,-4,24,-5,24,-5,23,-4,25,-4,24,-4,24,-5,24,-6,24,5,28,-5,26,-4,24,-5,24,-4,23,-4,24
-4,45,-4,45,-4,42,-4,45,-4,45,-4,42,-5,43,-5,43,-4,44,-5,44,-3,43,-4,42,-4,43,-5,43,-4,45,-4,44,-4,44,-4,45,-5,44,-4,43,-5,44,-4,43,-5,42,-5,44,-5,43,-5,43,-5,44,-5,43,-5,45,-4,44,-4,45,-5,44,-5,44,-5,43,-4,44,-4,43,-4,44,-5,44,-5,44,-4,45,-4,45,-4,44,-6,44,-6,44,3,47,-5,44,-4,44,-5,43,-5,44,-4,44
-3,64,-3,64,-3,62,-3,64,-4,64,-3,63,-3,63,-3,63,-2,64,-3,63,-2,62,-3,61,-3,62,-4,63,-3,64,-3,64,-3,64,-3,65,-4,64,-3,64,-3,64,-3,64,-3,64,-5,63,-5,63,-4,63,-4,63,-4,63,-4,63,-3,63,-3,65,-4,63,-4,64,-4,62,-3,63,-3,62,-3,64,-4,64,-4,63,-3,64,-3,65,-4,65,-4,64,-5,64,3,66,-4,64,-3,64,-4,63,-4,64,-3,65
5,24,5,25,5,22,5,26,5,23,5,22,4,23,5,23,6,24,5,23,6,21,5,22,6,23,5,24,5,24,6,23,6,23,5,26,4,25,6,22,5,23,5,23,5,23,4,23,4,22,5,22,5,23,5,23,5,27,6,24,5,25,5,24,5,24,5,23,6,25,6,24,6,24,5,24,4,23,5,25,6,24,6,24,3,23,4,25,-5,28,5,26,6,24,5,24,5,23,5,23
5,44,5,44,5,42,5,45,5,45,4,43,4,43,4,43,5,44,4,43,6,42,4,42,5,43,5,43,5,45,5,45,5,45,5,45,4,44,6,43,4,43,5,43,4,43,4,44,4,43,4,43,3,44,4,44,3,45,4,45,5,45,3,44,3,44,3,43,4,44,4,43,4,44,4,45,3,44,5,45,4,45,4,45,3,44,3,44,-5,46,4,44,5,44,4,43,4,44,5,45
4,63,4,63,4,62,4,63,3,64,4,63,3,63,4,63,5,64,3,62,6,60,4,60,4,61,3,64,4,64,4,65,4,65,5,64,3,64,5,64,3,63,5,62,3,62,3,63,4,62,3,62,3,63,3,62,3,63,4,63,4,64,3,62,3,63,2,62,4,62,3,61,3,63,4,63,3,64,4,64,4,65,3,65,3,64,2,64,-4,66,3,64,4,64,3,64,3,64,4,65
